User_ID,Age,Occupation,Platform_Used,Usage_Per_Day (hrs),Primary_Purpose,Knowledge_Gain_Score,Would_Recommend
U001,24,Teacher,Twitter,0.5,Networking,7,Yes
U002,44,Teacher,Reddit,1.6,Learning,5,No
U003,25,Teacher,YouTube,2.4,Entertainment,5,No
U004,34,Teacher,YouTube,4.6,Learning,9,Yes
U005,38,Teacher,YouTube,4.5,Learning,10,Yes
U006,34,Student,LinkedIn,4.6,Learning,3,No
U007,33,Teacher,YouTube,5.0,Learning,9,Yes
U008,24,Student,Instagram,1.4,Learning,8,Yes
U009,41,Professional,Instagram,4.1,Learning,4,No
U010,22,Student,Reddit,3.2,Entertainment,4,No
U011,21,Teacher,Twitter,1.1,Entertainment,8,Yes
U012,21,Teacher,Instagram,3.6,Learning,6,Yes
U013,35,Freelancer,LinkedIn,1.6,Learning,9,Yes
U014,22,Student,Instagram,0.9,Networking,8,Yes
U015,31,Teacher,LinkedIn,2.1,Entertainment,2,No
U016,23,Freelancer,Reddit,1.6,Entertainment,5,No
U017,26,Professional,YouTube,3.6,Networking,4,No
U018,42,Professional,YouTube,4.3,Learning,4,No
U019,42,Teacher,YouTube,4.0,Learning,4,No
U020,29,Teacher,Instagram,2.2,Learning,10,Yes
U021,25,Freelancer,Instagram,1.5,Learning,5,No
U022,29,Freelancer,Reddit,1.2,Learning,5,No
U023,37,Teacher,YouTube,1.0,Networking,1,No
U024,26,Freelancer,LinkedIn,1.1,Learning,10,Yes
U025,37,Researcher,Reddit,1.2,Networking,8,Yes
U026,43,Teacher,Twitter,1.0,Learning,6,Yes
U027,36,Student,YouTube,0.8,Entertainment,5,No
U028,35,Freelancer,Twitter,0.8,Networking,1,No
U029,18,Teacher,YouTube,1.1,Learning,4,No
U030,26,Teacher,Instagram,4.5,Learning,10,Yes
U031,36,Freelancer,LinkedIn,3.8,Learning,8,Yes
U032,24,Freelancer,LinkedIn,3.5,Networking,5,No
U033,33,Teacher,YouTube,1.8,Learning,10,Yes
U034,27,Freelancer,Instagram,4.8,Entertainment,3,No
U035,44,Professional,Twitter,2.7,Networking,4,No
U036,20,Professional,Twitter,2.2,Learning,3,No
U037,29,Professional,YouTube,2.0,Learning,8,Yes
U038,27,Teacher,Twitter,0.8,Entertainment,7,Yes
U039,45,Freelancer,LinkedIn,1.4,Learning,8,Yes
U040,24,Freelancer,Reddit,1.8,Networking,2,No
U041,22,Student,Instagram,1.5,Learning,4,No
U042,41,Researcher,Reddit,4.0,Learning,9,Yes
U043,42,Teacher,Twitter,1.5,Learning,7,Yes
U044,37,Professional,YouTube,1.2,Entertainment,3,No
U045,18,Professional,YouTube,2.8,Learning,3,No
U046,28,Researcher,YouTube,2.5,Entertainment,1,No
U047,20,Professional,LinkedIn,3.5,Learning,4,No
U048,26,Student,LinkedIn,0.9,Entertainment,6,Yes
U049,19,Student,Instagram,2.6,Entertainment,7,Yes
U050,39,Researcher,Reddit,1.7,Learning,6,Yes
U051,45,Researcher,Twitter,2.8,Networking,6,Yes
U052,18,Teacher,Twitter,1.0,Learning,7,Yes
U053,38,Student,YouTube,2.4,Learning,5,No
U054,40,Student,LinkedIn,0.9,Learning,4,No
U055,33,Researcher,Instagram,4.0,Learning,7,Yes
U056,26,Freelancer,Reddit,1.5,Entertainment,3,No
U057,40,Student,Instagram,2.0,Entertainment,2,No
U058,34,Freelancer,YouTube,3.5,Entertainment,7,Yes
U059,24,Professional,LinkedIn,0.6,Networking,6,Yes
U060,31,Researcher,YouTube,4.8,Networking,7,Yes
U061,44,Freelancer,Instagram,2.7,Entertainment,6,Yes
U062,38,Researcher,YouTube,4.1,Networking,2,No
U063,29,Professional,Instagram,1.1,Entertainment,3,No
U064,44,Teacher,Reddit,1.9,Entertainment,1,No
U065,28,Teacher,Twitter,3.9,Networking,5,No
U066,28,Freelancer,Instagram,1.4,Learning,7,Yes
U067,32,Freelancer,YouTube,4.7,Networking,6,Yes
U068,19,Professional,Instagram,0.9,Learning,7,Yes
U069,31,Freelancer,YouTube,4.3,Learning,6,Yes
U070,39,Researcher,Reddit,4.0,Networking,5,No
U071,34,Researcher,Reddit,0.8,Entertainment,1,No
U072,43,Freelancer,Instagram,3.1,Networking,4,No
U073,28,Student,Twitter,4.8,Entertainment,4,No
U074,35,Freelancer,LinkedIn,2.5,Entertainment,4,No
U075,32,Freelancer,LinkedIn,3.0,Networking,2,No
U076,39,Researcher,Reddit,4.3,Networking,5,No
U077,26,Researcher,Reddit,2.9,Learning,10,Yes
U078,34,Researcher,Instagram,3.3,Entertainment,8,Yes
U079,23,Researcher,Reddit,0.6,Entertainment,5,No
U080,32,Professional,Twitter,5.0,Networking,7,Yes
U081,25,Researcher,Instagram,3.4,Learning,5,No
U082,30,Student,Instagram,0.6,Entertainment,6,Yes
U083,40,Freelancer,Instagram,4.6,Entertainment,8,Yes
U084,38,Student,Reddit,4.9,Learning,3,No
U085,45,Professional,YouTube,3.3,Learning,10,Yes
U086,18,Freelancer,YouTube,2.7,Entertainment,8,Yes
U087,33,Professional,YouTube,4.2,Learning,4,No
U088,26,Student,YouTube,1.6,Entertainment,5,No
U089,27,Freelancer,Instagram,3.7,Learning,5,No
U090,35,Teacher,Instagram,3.5,Entertainment,1,No
U091,38,Researcher,Twitter,2.8,Entertainment,4,No
U092,18,Researcher,Reddit,2.0,Entertainment,3,No
U093,36,Teacher,Instagram,1.8,Learning,10,Yes
U094,34,Professional,Reddit,3.4,Networking,5,No
U095,35,Teacher,LinkedIn,4.8,Learning,6,Yes
U096,31,Researcher,Reddit,1.7,Entertainment,5,No
U097,22,Teacher,Twitter,3.4,Learning,3,No
U098,36,Student,LinkedIn,2.1,Learning,6,Yes
U099,31,Freelancer,Instagram,4.5,Learning,9,Yes
U100,34,Student,LinkedIn,2.4,Learning,10,Yes
U101,19,Professional,YouTube,2.6326123339467293,Learning,3,No
U102,31,Professional,YouTube,3.998175768379002,Learning,2,No
U103,49,Professional,Twitter,2.222438710325324,Networking,4,No
U104,29,Freelancer,Instagram,3.9117995327967305,Learning,4,No
U105,31,Freelancer,YouTube,5.731262459621573,Networking,5,Yes
U106,36,Freelancer,LinkedIn,1.0662335428728635,Learning,9,Yes
U107,44,Student,Instagram,2.012109728336379,Entertainment,3,No
U108,41,Freelancer,Instagram,3.4061102777077146,Entertainment,5,Yes
U109,19,Researcher,Reddit,1.9601793043771425,Entertainment,3,No
U110,43,Teacher,YouTube,4.726185898124867,Learning,8,Yes
U111,33,Student,Twitter,4.26880323592656,Entertainment,4,No
U112,38,Student,LinkedIn,2.3141535486038243,Learning,6,Yes
U113,36,Professional,YouTube,1.1064278674977255,Entertainment,5,No
U114,31,Teacher,YouTube,5.4928649978399315,Learning,8,Yes
U115,23,Teacher,Instagram,4.193693025782376,Learning,7,Yes
U116,26,Professional,LinkedIn,1.8947818210093068,Networking,7,Yes
U117,31,Teacher,YouTube,4.889816586606788,Learning,10,Yes
U118,41,Professional,Instagram,4.262898158291083,Learning,5,No
U119,44,Researcher,Twitter,2.8971921507886678,Networking,6,Yes
U120,24,Student,Twitter,4.623416853594656,Entertainment,6,No
U121,39,Teacher,YouTube,1.1692419217308456,Networking,1,No
U122,31,Researcher,YouTube,4.652299294930485,Networking,6,Yes
U123,41,Freelancer,LinkedIn,1.484230488134807,Learning,7,Yes
U124,44,Researcher,Twitter,3.4587987678039798,Networking,5,Yes
U125,21,Student,LinkedIn,0.39672871736017945,Entertainment,6,Yes
U126,38,Teacher,YouTube,5.169939280564522,Learning,7,Yes
U127,45,Professional,YouTube,3.9585575336699326,Learning,10,Yes
U128,41,Researcher,YouTube,4.04096573650446,Networking,4,No
U129,31,Teacher,Instagram,0.7390725504957028,Learning,9,Yes
U130,35,Student,Instagram,0.29608900645278374,Entertainment,4,Yes
U131,29,Student,Instagram,2.0484972732805544,Learning,6,Yes
U132,39,Freelancer,Twitter,0.788565968850559,Networking,1,No
U133,30,Teacher,YouTube,4.500348883852545,Learning,10,Yes
U134,32,Researcher,YouTube,4.5476125393858915,Networking,8,Yes
U135,43,Researcher,Twitter,3.220310013252276,Networking,5,Yes
U136,25,Student,Instagram,1.7733667841006897,Learning,2,No
U137,33,Student,LinkedIn,1.980533950415153,Learning,4,Yes
U138,35,Student,YouTube,0.6165877940926563,Entertainment,7,No
U139,26,Professional,YouTube,1.804120925478089,Learning,10,Yes
U140,42,Researcher,Reddit,3.5387949077507486,Learning,8,Yes
U141,44,Freelancer,LinkedIn,2.207687844734721,Learning,6,Yes
U142,25,Student,Instagram,1.33883976539433,Learning,3,No
U143,41,Student,LinkedIn,1.5085792604127484,Learning,6,No
U144,21,Researcher,Instagram,4.160658025961226,Learning,7,No
U145,27,Teacher,Instagram,2.6991554490739804,Learning,10,Yes
U146,38,Freelancer,LinkedIn,1.3841898436409759,Learning,8,Yes
U147,27,Researcher,YouTube,5.001865045168304,Networking,6,Yes
U148,38,Freelancer,YouTube,3.487902196804542,Entertainment,5,Yes
U149,47,Professional,Twitter,2.248149069634936,Networking,2,No
U150,39,Teacher,LinkedIn,4.962179640860802,Learning,7,Yes
U151,33,Student,LinkedIn,4.010480104420099,Learning,3,No
U152,25,Teacher,Instagram,2.793839694230782,Learning,10,Yes
U153,26,Student,Twitter,4.5676913513508035,Entertainment,4,No
U154,25,Freelancer,Reddit,1.9005798279364197,Networking,1,No
U155,31,Teacher,Instagram,2.3416439357730714,Learning,9,Yes
U156,26,Professional,Instagram,0.9705475131479614,Entertainment,5,No
U157,20,Teacher,YouTube,2.6933469007376374,Entertainment,4,No
U158,29,Freelancer,Instagram,4.262548171688738,Learning,8,Yes
U159,25,Freelancer,Reddit,1.6356486487286221,Learning,4,No
U160,21,Professional,Instagram,0.22701015987662576,Learning,8,Yes
U161,30,Freelancer,YouTube,4.7631897897732065,Networking,5,Yes
U162,25,Teacher,Instagram,3.1694644995291426,Learning,8,Yes
U163,32,Professional,Twitter,4.499834337697212,Networking,5,Yes
U164,34,Researcher,Reddit,0.4611275147375743,Entertainment,3,No
U165,35,Freelancer,Instagram,4.756953924829458,Learning,10,Yes
U166,37,Researcher,Reddit,1.7897908909697988,Learning,4,Yes
U167,38,Researcher,YouTube,4.275315049636779,Networking,3,No
U168,20,Freelancer,Reddit,2.0445935650738316,Networking,3,No
U169,24,Professional,Twitter,2.517360734280885,Learning,5,No
U170,22,Teacher,Instagram,5.0548499209781115,Learning,10,Yes
U171,23,Professional,Instagram,1.1049093284642564,Learning,6,Yes
U172,22,Freelancer,Reddit,1.6793711726907288,Networking,3,No
U173,23,Teacher,Instagram,3.9362868506013657,Learning,8,Yes
U174,46,Professional,YouTube,4.249940967447608,Learning,10,Yes
U175,43,Student,Instagram,1.9336831268087131,Entertainment,4,No
U176,21,Student,Instagram,2.1127353476646795,Entertainment,5,Yes
U177,24,Researcher,Instagram,3.9535403346434865,Learning,4,No
U178,20,Freelancer,LinkedIn,3.439809418023201,Networking,3,No
U179,26,Teacher,Twitter,0.1,Entertainment,7,Yes
U180,25,Researcher,Reddit,1.0237108385752107,Entertainment,4,No
U181,49,Freelancer,LinkedIn,1.1323359070230385,Learning,9,Yes
U182,36,Teacher,YouTube,1.7547333588479197,Learning,10,Yes
U183,29,Student,LinkedIn,1.0659901652845072,Entertainment,6,Yes
U184,28,Teacher,YouTube,1.8952498398895332,Learning,9,Yes
U185,21,Professional,YouTube,3.1547259085695196,Learning,1,No
U186,34,Professional,YouTube,3.9822568147150785,Learning,6,No
U187,29,Freelancer,LinkedIn,1.3565528990880416,Learning,8,Yes
U188,47,Professional,YouTube,3.170226661208041,Learning,9,Yes
U189,16,Teacher,Twitter,1.4694052404437516,Entertainment,7,Yes
U190,37,Freelancer,Twitter,1.1076837420065266,Networking,1,No
U191,37,Teacher,LinkedIn,4.332280648977703,Learning,7,Yes
U192,45,Student,Instagram,2.542991058087516,Entertainment,1,No
U193,35,Researcher,YouTube,3.832018277442976,Networking,2,No
U194,18,Freelancer,Reddit,2.0040288991405726,Entertainment,7,No
U195,20,Professional,YouTube,2.98364365670067,Learning,4,No
U196,35,Student,Reddit,5.819091838397561,Learning,3,No
U197,23,Researcher,Reddit,2.7882670088140737,Learning,8,Yes
U198,26,Freelancer,Instagram,4.3253416019409014,Learning,8,Yes
U199,43,Researcher,YouTube,4.090290197056134,Networking,4,No
U200,36,Researcher,Reddit,1.0484101085828623,Networking,6,Yes
U201,26,Student,Reddit,3.5999709509710254,Entertainment,5,No
U202,40,Researcher,Reddit,3.491844695781706,Networking,6,No
U203,30,Student,YouTube,1.073158790426823,Entertainment,4,No
U204,35,Freelancer,LinkedIn,2.4660985392104036,Networking,1,No
U205,35,Freelancer,YouTube,3.9751537959867878,Entertainment,9,Yes
U206,47,Professional,Twitter,3.5553066862909626,Networking,6,No
U207,32,Student,Instagram,0.5477753907312642,Entertainment,5,Yes
U208,28,Professional,Twitter,4.915589138404995,Networking,6,Yes
U209,33,Researcher,Twitter,2.8350260815565904,Entertainment,5,No
U210,33,Freelancer,LinkedIn,3.5809391513040953,Networking,1,No
U211,33,Professional,Twitter,4.536323432904713,Networking,7,Yes
U212,24,Student,Instagram,1.6191844913673925,Learning,2,No
U213,38,Researcher,Reddit,4.787598814891215,Networking,4,No
U214,39,Professional,YouTube,4.5505470849699226,Learning,6,No
U215,33,Freelancer,YouTube,4.394790808299372,Learning,6,Yes
U216,45,Freelancer,LinkedIn,1.9005230462835705,Learning,10,Yes
U217,31,Freelancer,Reddit,0.1483838535003814,Entertainment,3,No
U218,15,Professional,YouTube,3.1389376597654537,Learning,2,No
U219,25,Student,Instagram,0.27296215843628807,Entertainment,4,Yes
U220,31,Student,LinkedIn,3.684683551571771,Learning,5,No
U221,35,Student,LinkedIn,2.3556012997624904,Learning,6,Yes
U222,23,Freelancer,LinkedIn,1.786829272581479,Learning,10,Yes
U223,36,Professional,Instagram,4.031275742686153,Learning,3,No
U224,25,Student,YouTube,2.0764372736014693,Entertainment,3,No
U225,39,Teacher,LinkedIn,5.6061391289943225,Learning,5,Yes
U226,32,Researcher,YouTube,5.457457226792023,Networking,8,Yes
U227,35,Student,LinkedIn,5.4199822646856965,Learning,1,No
U228,38,Teacher,YouTube,2.171063745535946,Learning,10,Yes
U229,35,Freelancer,YouTube,4.737716819450797,Networking,5,Yes
U230,35,Researcher,Reddit,0.8990170940514157,Entertainment,5,No
U231,38,Student,LinkedIn,4.476968755935025,Learning,2,No
U232,40,Freelancer,Instagram,2.6783767023419043,Networking,3,No
U233,39,Student,Reddit,5.9854713587489075,Learning,2,No
U234,39,Teacher,Reddit,1.5120570937838318,Learning,7,No
U235,32,Researcher,Reddit,0.8616024033922429,Entertainment,2,No
U236,30,Freelancer,YouTube,4.975742688020234,Networking,7,Yes
U237,26,Teacher,Twitter,0.821801223186227,Entertainment,8,Yes
U238,20,Student,Instagram,3.4475255202153767,Entertainment,9,Yes
U239,33,Freelancer,LinkedIn,2.688675319132774,Networking,2,No
U240,23,Freelancer,YouTube,2.7973037276186217,Entertainment,7,Yes
U241,24,Teacher,Instagram,4.128764707150976,Learning,10,Yes
U242,24,Researcher,Reddit,0.1,Entertainment,7,No
U243,23,Researcher,Reddit,1.6941154545473573,Entertainment,4,No
U244,31,Student,LinkedIn,2.381481601475794,Learning,9,Yes
U245,25,Freelancer,Instagram,1.2853488877413701,Learning,3,No
U246,41,Researcher,Twitter,2.4537895100630718,Networking,4,Yes
U247,47,Teacher,Twitter,0.29684126816408307,Learning,6,Yes
U248,44,Researcher,Reddit,3.9584472136856528,Learning,10,Yes
U249,40,Professional,Instagram,3.3476398129844984,Learning,2,No
U250,19,Professional,Instagram,1.2800279818448013,Learning,7,Yes
U251,32,Student,LinkedIn,2.4412198764672515,Learning,10,Yes
U252,43,Teacher,YouTube,3.771224250267535,Learning,10,Yes
U253,40,Student,YouTube,0.6453954614750683,Entertainment,5,No
U254,27,Student,YouTube,1.2239217972047085,Entertainment,5,No
U255,39,Student,YouTube,0.9595872552095903,Entertainment,4,No
U256,32,Researcher,Reddit,2.3702252230115723,Entertainment,5,No
U257,21,Student,YouTube,0.6624137651771278,Entertainment,5,No
U258,25,Student,Instagram,0.6575130395737085,Entertainment,5,Yes
U259,30,Freelancer,Instagram,4.719933602216679,Entertainment,2,No
U260,43,Student,YouTube,2.7356700382252326,Learning,7,No
U261,37,Student,LinkedIn,4.706598314118844,Learning,4,No
U262,27,Teacher,Instagram,1.8240153341305907,Learning,8,Yes
U263,38,Freelancer,LinkedIn,1.440473032166691,Learning,7,Yes
U264,42,Freelancer,LinkedIn,1.0019870715982555,Learning,8,Yes
U265,32,Freelancer,YouTube,4.838003569299299,Learning,8,Yes
U266,38,Student,Reddit,4.910655824335971,Learning,3,No
U267,47,Freelancer,LinkedIn,2.3505953428765034,Learning,6,Yes
U268,32,Freelancer,Instagram,4.769669593092689,Entertainment,2,No
U269,45,Professional,YouTube,3.9457966165447687,Learning,5,No
U270,36,Professional,YouTube,0.4431428036935864,Entertainment,5,No
U271,21,Professional,YouTube,2.6984301618720274,Networking,3,No
U272,37,Student,Instagram,1.2079320284972552,Entertainment,3,No
U273,22,Freelancer,YouTube,2.8335633255057417,Entertainment,10,Yes
U274,44,Professional,YouTube,4.554362511614967,Learning,6,No
U275,27,Student,Instagram,0.10940464898393332,Networking,6,Yes
U276,43,Freelancer,Instagram,3.547519157038058,Networking,3,No
U277,26,Professional,LinkedIn,0.35846947415828023,Networking,8,Yes
U278,43,Freelancer,Instagram,4.673396505992774,Entertainment,10,Yes
U279,34,Student,YouTube,1.6061103141277122,Entertainment,6,No
U280,28,Professional,YouTube,4.648419657932767,Learning,2,No
U281,26,Freelancer,YouTube,4.165734676047084,Learning,6,Yes
U282,27,Researcher,Reddit,0.15440388729235627,Entertainment,3,No
U283,38,Student,Instagram,0.9240922993353475,Entertainment,2,No
U284,24,Freelancer,Reddit,1.24042334037879,Entertainment,4,No
U285,38,Teacher,Twitter,1.3944348805861528,Learning,6,Yes
U286,36,Researcher,Reddit,3.506410236424408,Networking,7,No
U287,30,Teacher,Instagram,3.4343715164538478,Entertainment,1,No
U288,28,Freelancer,Reddit,1.2384259414793841,Learning,7,No
U289,31,Teacher,Instagram,1.6875720090959607,Learning,8,Yes
U290,33,Teacher,LinkedIn,1.7749987095882702,Entertainment,1,No
U291,40,Researcher,Twitter,2.8843273359833637,Networking,4,Yes
U292,31,Freelancer,Reddit,1.7209703247847046,Entertainment,1,No
U293,17,Teacher,Twitter,2.854800461278577,Learning,2,No
U294,38,Teacher,Twitter,2.205466189873135,Learning,5,Yes
U295,14,Freelancer,YouTube,2.650705933857869,Entertainment,7,Yes
U296,21,Teacher,Twitter,1.1094248114724239,Entertainment,7,Yes
U297,25,Freelancer,LinkedIn,3.8541072116282784,Networking,4,No
U298,36,Professional,YouTube,1.3166080656317507,Entertainment,3,No
U299,34,Researcher,Reddit,2.1765683169566223,Learning,4,Yes
U300,15,Professional,LinkedIn,3.643562082600912,Learning,5,No
U301,31,Researcher,Instagram,2.993781312679781,Entertainment,7,Yes
U302,17,Teacher,Twitter,1.280751762603051,Entertainment,6,Yes
U303,39,Student,Instagram,1.428136896339669,Entertainment,4,No
U304,27,Freelancer,Reddit,1.6542798528882616,Entertainment,4,No
U305,44,Freelancer,Instagram,2.6833850046777696,Entertainment,5,Yes
U306,35,Researcher,Reddit,0.6959415713637302,Entertainment,2,No
U307,30,Freelancer,LinkedIn,2.9357312442805346,Networking,2,No
U308,27,Professional,YouTube,2.6590754772511804,Networking,4,No
U309,34,Teacher,Instagram,1.9256375461295194,Learning,9,Yes
U310,23,Teacher,Twitter,1.1464224505705574,Entertainment,6,Yes
U311,39,Freelancer,YouTube,3.5799281959987,Entertainment,9,Yes
U312,13,Professional,YouTube,2.2861624295370206,Learning,5,No
U313,29,Professional,Instagram,1.7328539204323503,Entertainment,1,No
U314,46,Professional,Twitter,2.26691257589275,Networking,3,No
U315,25,Freelancer,LinkedIn,1.5847286002633685,Learning,10,Yes
U316,34,Teacher,Instagram,2.0135971809358426,Learning,10,Yes
U317,29,Researcher,Instagram,3.6768863450780986,Learning,5,Yes
U318,34,Student,LinkedIn,3.287655446304756,Learning,10,Yes
U319,41,Researcher,Reddit,3.40318158412176,Learning,8,Yes
U320,39,Student,LinkedIn,2.859577086805001,Learning,8,Yes
U321,28,Teacher,YouTube,5.500291159021489,Learning,10,Yes
U322,45,Professional,YouTube,3.964689895461677,Learning,3,No
U323,31,Teacher,Instagram,5.196232650032164,Learning,10,Yes
U324,27,Freelancer,Instagram,3.5749767427005237,Learning,4,No
U325,30,Researcher,Instagram,4.1443468146399285,Learning,6,Yes
U326,22,Teacher,Twitter,0.6301609193856104,Networking,7,Yes
U327,33,Teacher,Twitter,3.832845629264726,Networking,5,No
U328,24,Freelancer,LinkedIn,1.5054041365798911,Learning,9,Yes
U329,32,Freelancer,LinkedIn,2.8967443602761067,Entertainment,4,No
U330,49,Researcher,Twitter,1.9257340133809095,Networking,4,Yes
U331,32,Teacher,LinkedIn,5.452170121439076,Learning,6,Yes
U332,31,Professional,Reddit,2.5687540059821625,Networking,5,No
U333,20,Student,Reddit,3.716273102170829,Entertainment,3,No
U334,41,Student,Instagram,2.5633525684137917,Entertainment,1,No
U335,33,Freelancer,LinkedIn,1.0545167848924009,Learning,10,Yes
U336,25,Student,Reddit,2.9945928560227077,Entertainment,5,No
U337,28,Researcher,Instagram,3.447147665757032,Learning,9,Yes
U338,47,Professional,YouTube,3.192539484855632,Learning,10,Yes
U339,36,Freelancer,LinkedIn,1.4459828579071294,Learning,9,Yes
U340,31,Freelancer,LinkedIn,2.8898302661346698,Entertainment,2,No
U341,43,Researcher,Reddit,4.655154373059804,Learning,10,Yes
U342,31,Student,YouTube,1.497841905394978,Entertainment,7,No
U343,39,Freelancer,YouTube,3.218915986710849,Entertainment,5,Yes
U344,43,Student,Instagram,1.8953890631277361,Entertainment,2,No
U345,44,Professional,Instagram,3.2582809038895246,Learning,5,No
U346,29,Researcher,Instagram,3.5970649667519057,Learning,9,Yes
U347,30,Professional,YouTube,2.4824258165487287,Learning,7,Yes
U348,32,Teacher,Twitter,4.7077914117741155,Networking,6,No
U349,22,Freelancer,Instagram,0.882825564060039,Learning,7,No
U350,19,Teacher,YouTube,0.8037678704235529,Learning,2,No
U351,29,Researcher,Instagram,3.3867971215205364,Learning,4,No
U352,27,Professional,LinkedIn,0.7400805794098033,Networking,8,Yes
U353,31,Teacher,YouTube,4.595198240039177,Learning,10,Yes
U354,32,Researcher,Reddit,1.4120305222320448,Networking,8,Yes
U355,32,Student,YouTube,0.563080326464542,Entertainment,6,No
U356,29,Researcher,Reddit,0.7927738645608605,Entertainment,1,No
U357,17,Professional,YouTube,3.0731421240018495,Learning,2,No
U358,39,Freelancer,Instagram,4.603211134905469,Entertainment,10,Yes
U359,50,Professional,YouTube,3.0818070547367156,Learning,10,Yes
U360,21,Professional,Twitter,2.145195098037085,Learning,4,No
U361,36,Teacher,YouTube,4.955818520397332,Learning,8,Yes
U362,25,Teacher,Twitter,3.214994485058936,Learning,1,No
U363,37,Student,Instagram,1.8706019686664488,Entertainment,2,No
U364,24,Teacher,Twitter,1.5993235852523586,Entertainment,6,Yes
U365,31,Researcher,Reddit,1.0804597239706193,Entertainment,1,No
U366,21,Freelancer,Reddit,1.45225984098542,Entertainment,5,No
U367,26,Student,Instagram,1.7484772022553678,Learning,7,Yes
U368,22,Student,Instagram,1.333090255121995,Learning,3,No
U369,33,Teacher,LinkedIn,2.686562318793321,Entertainment,2,No
U370,17,Student,Instagram,1.6848210960990468,Learning,3,No
U371,47,Researcher,Twitter,2.7463489279978854,Networking,8,Yes
U372,16,Professional,YouTube,3.023858462905139,Learning,3,No
U373,50,Freelancer,LinkedIn,0.6145619239657503,Learning,7,Yes
U374,38,Teacher,Twitter,0.43661626554509736,Learning,4,Yes
U375,29,Freelancer,Instagram,3.1030374968004724,Learning,3,No
U376,18,Professional,LinkedIn,3.5714715473818535,Learning,6,No
U377,26,Professional,YouTube,4.466257499742546,Networking,4,No
U378,39,Teacher,YouTube,2.115650073096316,Networking,1,No
U379,25,Freelancer,Instagram,5.119025550720378,Entertainment,2,No
U380,23,Researcher,Reddit,3.1504222374722284,Learning,8,Yes
U381,21,Researcher,Reddit,1.0994711329236306,Entertainment,5,No
U382,22,Freelancer,Instagram,1.228663100132989,Learning,3,No
U383,40,Teacher,YouTube,0.6061081240458805,Networking,1,No
U384,34,Researcher,YouTube,3.789576200874442,Networking,4,No
U385,27,Freelancer,YouTube,4.215928090707605,Learning,6,Yes
U386,23,Freelancer,Instagram,3.4639547111514366,Learning,4,No
U387,27,Freelancer,Instagram,2.710350094812106,Learning,5,No
U388,19,Student,Instagram,1.873955128058767,Learning,5,No
U389,37,Teacher,YouTube,4.063628487130097,Learning,10,Yes
U390,27,Professional,YouTube,2.1196234320555747,Learning,9,Yes
U391,24,Professional,Instagram,2.137041334874987,Entertainment,5,No
U392,35,Researcher,Reddit,0.7403077042067883,Networking,6,Yes
U393,13,Teacher,YouTube,0.1,Learning,4,No
U394,44,Researcher,Twitter,2.6569978890599444,Networking,5,Yes
U395,24,Professional,YouTube,4.150479817499286,Networking,5,No
U396,46,Freelancer,Instagram,3.679173727110297,Entertainment,6,Yes
U397,37,Teacher,Instagram,2.8852252027737917,Entertainment,2,No
U398,26,Teacher,YouTube,2.6483496116182605,Entertainment,6,No
U399,23,Professional,YouTube,3.3673447716099734,Networking,3,No
U400,21,Freelancer,Reddit,1.4470258228479322,Entertainment,5,No
U401,26,Researcher,YouTube,6.122171673508517,Networking,5,Yes
U402,42,Professional,YouTube,0.44851483580242335,Entertainment,5,No
U403,37,Freelancer,Instagram,4.726869830747287,Entertainment,8,Yes
U404,45,Freelancer,LinkedIn,1.6338465858827165,Learning,10,Yes
U405,35,Researcher,Instagram,3.8428931624696734,Entertainment,8,Yes
U406,26,Professional,YouTube,3.648991576735448,Networking,4,No
U407,19,Student,Instagram,2.7540252697520513,Entertainment,5,Yes
U408,22,Teacher,Twitter,3.2041757162891042,Learning,2,No
U409,32,Teacher,LinkedIn,4.934563470622553,Learning,4,Yes
U410,34,Student,LinkedIn,4.428403862251295,Learning,5,No
U411,38,Freelancer,LinkedIn,4.1107859449280255,Learning,8,Yes
U412,29,Professional,LinkedIn,0.41519483197818297,Networking,7,Yes
U413,40,Freelancer,LinkedIn,2.6885501969510934,Entertainment,5,No
U414,22,Professional,YouTube,3.585368593157511,Networking,4,No
U415,40,Researcher,Reddit,4.563025125386084,Learning,7,Yes
U416,40,Freelancer,LinkedIn,1.374303138205757,Learning,7,Yes
U417,31,Freelancer,LinkedIn,2.913483765896559,Learning,6,Yes
U418,33,Student,LinkedIn,3.0309607503569955,Learning,10,Yes
U419,23,Freelancer,Reddit,1.0471338495686906,Entertainment,3,No
U420,18,Professional,LinkedIn,3.17311683067559,Learning,3,No
U421,32,Freelancer,LinkedIn,2.202169352978254,Entertainment,6,No
U422,21,Freelancer,Reddit,2.1872190465854087,Entertainment,5,No
U423,32,Teacher,YouTube,0.1,Networking,1,No
U424,44,Professional,YouTube,4.868874266829996,Learning,10,Yes
U425,24,Professional,LinkedIn,1.1280284045330258,Networking,7,Yes
U426,20,Freelancer,Reddit,1.71161945706458,Entertainment,7,No
U427,43,Freelancer,Instagram,4.572552999691856,Entertainment,10,Yes
U428,34,Freelancer,Twitter,0.9427770374288285,Networking,3,No
U429,44,Teacher,Twitter,1.7605612141896692,Learning,8,Yes
U430,24,Professional,Instagram,1.4226077929750285,Entertainment,5,No
U431,24,Freelancer,Instagram,1.7778022330017242,Learning,6,No
U432,30,Teacher,YouTube,5.044790340627625,Learning,8,Yes
U433,19,Teacher,Twitter,0.40133078984633697,Networking,5,Yes
U434,28,Student,Instagram,0.5243633581732441,Entertainment,5,Yes
U435,34,Freelancer,LinkedIn,1.5025458598236596,Learning,7,Yes
U436,46,Freelancer,LinkedIn,1.9668850484335323,Learning,7,Yes
U437,13,Professional,YouTube,3.096778361140431,Learning,1,No
U438,29,Freelancer,LinkedIn,1.5298056826678599,Networking,1,No
U439,21,Researcher,Instagram,3.7279503882648806,Learning,5,No
U440,39,Student,YouTube,0.8973680973593875,Entertainment,3,No
U441,27,Researcher,Reddit,0.5906456217770513,Entertainment,3,No
U442,33,Teacher,YouTube,4.8057407734555575,Learning,9,Yes
U443,49,Researcher,Twitter,3.3620563599930064,Networking,8,Yes
U444,21,Student,Instagram,1.873763231061429,Learning,10,Yes
U445,47,Professional,YouTube,2.9135611660881953,Learning,10,Yes
U446,33,Freelancer,YouTube,4.503526143562268,Learning,7,Yes
U447,25,Freelancer,Reddit,0.714171632729357,Learning,3,No
U448,35,Freelancer,LinkedIn,0.9101909176055348,Learning,7,Yes
U449,46,Researcher,Twitter,2.486641387705017,Networking,6,Yes
U450,40,Professional,Twitter,3.1311967361913795,Networking,4,No
U451,37,Professional,Twitter,5.476562522688043,Networking,8,Yes
U452,39,Teacher,LinkedIn,5.056542710048646,Learning,8,Yes
U453,25,Teacher,Instagram,2.5625478934239987,Learning,9,Yes
U454,30,Researcher,Reddit,3.158089143557479,Learning,10,Yes
U455,19,Professional,LinkedIn,0.27925920238852386,Networking,4,Yes
U456,23,Teacher,Instagram,3.8159612723369705,Learning,6,Yes
U457,37,Teacher,Twitter,1.9002047626138412,Learning,8,Yes
U458,48,Researcher,Twitter,3.177145664906787,Networking,8,Yes
U459,28,Researcher,Reddit,1.1944566857373213,Entertainment,6,No
U460,26,Researcher,Reddit,3.254151923600532,Learning,10,Yes
U461,31,Student,Instagram,0.7757241037707914,Entertainment,4,Yes
U462,46,Teacher,Twitter,2.035075119158214,Learning,6,Yes
U463,37,Student,YouTube,0.78673937037547,Entertainment,6,No
U464,26,Teacher,Twitter,2.959062674386141,Learning,4,No
U465,37,Student,LinkedIn,0.8184665180281181,Learning,3,No
U466,27,Researcher,Reddit,1.3275486775967753,Entertainment,6,No
U467,29,Student,YouTube,1.2624108625128092,Entertainment,6,No
U468,28,Professional,YouTube,3.5277406646422413,Networking,6,No
U469,46,Teacher,YouTube,3.6037900395000193,Learning,6,No
U470,39,Student,Reddit,4.74601923518048,Learning,2,No
U471,45,Teacher,YouTube,3.053192666523107,Learning,2,No
U472,29,Researcher,Reddit,1.8066468536864693,Entertainment,6,No
U473,34,Student,LinkedIn,2.100602737681112,Learning,4,Yes
U474,28,Teacher,YouTube,1.3914556844659047,Learning,9,Yes
U475,36,Student,LinkedIn,2.7296228342162023,Learning,9,Yes
U476,18,Teacher,Twitter,1.5687850688132792,Entertainment,10,Yes
U477,23,Student,Instagram,0.1,Networking,9,Yes
U478,41,Freelancer,LinkedIn,1.0186376107168928,Learning,8,Yes
U479,22,Teacher,Instagram,4.115428825106351,Learning,9,Yes
U480,35,Student,LinkedIn,1.9300484494455676,Learning,10,Yes
U481,32,Freelancer,YouTube,5.1147374209658745,Networking,4,Yes
U482,21,Teacher,Twitter,0.40308693061359824,Networking,9,Yes
U483,28,Teacher,YouTube,2.2677425793446946,Entertainment,3,No
U484,47,Freelancer,Instagram,2.0980688177966234,Networking,3,No
U485,38,Student,Reddit,5.217709015104614,Learning,2,No
U486,44,Student,Instagram,1.3803708025732637,Entertainment,1,No
U487,39,Freelancer,LinkedIn,2.529966315133164,Entertainment,3,No
U488,22,Teacher,Twitter,3.5386884689790956,Learning,4,No
U489,27,Freelancer,YouTube,5.380329297919325,Networking,5,Yes
U490,16,Researcher,Reddit,1.345589800440444,Entertainment,5,No
U491,27,Researcher,Reddit,0.1,Entertainment,6,No
U492,28,Freelancer,Instagram,1.4919247723768474,Learning,7,Yes
U493,44,Teacher,Reddit,2.500255590755427,Learning,4,No
U494,39,Professional,Reddit,4.0194731764697185,Networking,4,No
U495,28,Professional,YouTube,2.104829707637313,Learning,10,Yes
U496,34,Researcher,Reddit,3.7541819071839764,Networking,7,No
U497,36,Professional,Reddit,3.8035612983186553,Networking,3,No
U498,39,Freelancer,Instagram,4.113226900147765,Entertainment,6,Yes
U499,28,Professional,YouTube,2.2381788846781094,Learning,6,Yes
U500,39,Student,YouTube,2.652735079583313,Learning,7,No
U501,24,Freelancer,LinkedIn,1.63010495374944,Learning,8,Yes
U502,35,Freelancer,Twitter,2.179830019455539,Networking,1,No
U503,16,Teacher,YouTube,1.2962079835893836,Learning,4,No
U504,31,Researcher,Instagram,3.0455181871462504,Entertainment,6,Yes
U505,46,Freelancer,LinkedIn,1.3872128439040028,Learning,7,Yes
U506,28,Researcher,Reddit,2.015462047555441,Learning,10,Yes
U507,24,Freelancer,LinkedIn,0.752643434455471,Learning,10,Yes
U508,21,Researcher,Instagram,3.195358780943448,Learning,5,No
U509,30,Professional,YouTube,3.3379558010327037,Networking,6,No
U510,24,Freelancer,Instagram,4.876177436016861,Entertainment,5,No
U511,23,Researcher,YouTube,2.0887900338088996,Entertainment,1,No
U512,33,Researcher,YouTube,5.360515333662235,Networking,5,Yes
U513,23,Professional,YouTube,3.6001035324590984,Networking,3,No
U514,44,Student,LinkedIn,0.8953498394306928,Learning,2,No
U515,32,Freelancer,YouTube,4.136052641743541,Learning,4,Yes
U516,31,Freelancer,Instagram,3.77759534192949,Learning,7,No
U517,32,Researcher,Instagram,4.412549132333817,Learning,5,Yes
U518,26,Student,Instagram,0.46643489214454986,Networking,8,Yes
U519,37,Student,Reddit,4.570941755462372,Learning,3,No
U520,40,Researcher,Reddit,1.5481369856116676,Learning,6,Yes
U521,27,Professional,LinkedIn,0.1,Networking,8,Yes
U522,17,Researcher,Reddit,1.590371070139251,Entertainment,2,No
U523,35,Freelancer,Instagram,4.36188956322767,Entertainment,9,Yes
U524,32,Researcher,YouTube,2.9371945903563637,Entertainment,1,No
U525,22,Teacher,YouTube,1.2312806645009626,Learning,5,No
U526,19,Freelancer,LinkedIn,3.596794955683772,Networking,4,No
U527,31,Freelancer,Twitter,1.2254489810839861,Networking,1,No
U528,28,Teacher,Twitter,3.8313141058003017,Networking,7,No
U529,41,Student,Reddit,5.095232424964445,Learning,3,No
U530,36,Freelancer,YouTube,3.448389123533752,Entertainment,7,Yes
U531,26,Freelancer,Instagram,4.932681174699814,Entertainment,2,No
U532,40,Researcher,Twitter,2.5086206711942087,Networking,8,Yes
U533,34,Teacher,YouTube,3.7805914208617857,Learning,10,Yes
U534,36,Teacher,YouTube,0.9328604189068479,Networking,1,No
U535,35,Freelancer,LinkedIn,2.31137406804997,Learning,9,Yes
U536,26,Freelancer,Instagram,1.9631077011207962,Learning,4,No
U537,34,Teacher,YouTube,1.4826987422955853,Networking,2,No
U538,22,Researcher,Reddit,2.618065360903109,Entertainment,3,No
U539,26,Professional,YouTube,2.0443287954807188,Learning,6,Yes
U540,32,Teacher,YouTube,1.8986578537027978,Learning,10,Yes
U541,31,Freelancer,Instagram,4.191174052282825,Learning,8,Yes
U542,23,Professional,LinkedIn,3.3419635719864753,Learning,4,No
U543,34,Freelancer,LinkedIn,2.807885574885571,Entertainment,5,No
U544,13,Teacher,YouTube,1.7019422185844082,Learning,2,No
U545,36,Researcher,YouTube,4.0302768621595,Networking,1,No
U546,42,Teacher,Twitter,0.7749053675742942,Learning,6,Yes
U547,47,Freelancer,Instagram,3.100263979428299,Networking,5,No
U548,36,Professional,Twitter,5.300603374464558,Networking,5,Yes
U549,33,Student,LinkedIn,3.8780725919332286,Learning,2,No
U550,36,Freelancer,Twitter,0.1,Networking,1,No
U551,23,Freelancer,Instagram,1.2247315752542083,Learning,6,No
U552,39,Teacher,Reddit,1.2896437870429205,Entertainment,3,No
U553,41,Teacher,Twitter,1.2459299011763445,Learning,9,Yes
U554,26,Freelancer,Instagram,1.4261098405912642,Learning,5,No
U555,22,Teacher,Twitter,0.7733757954884933,Learning,8,Yes
U556,37,Professional,YouTube,4.926233767235373,Learning,2,No
U557,45,Freelancer,LinkedIn,1.5633723823011598,Learning,6,Yes
U558,19,Professional,Twitter,2.3502371798054145,Learning,5,No
U559,17,Student,Instagram,2.911103572021701,Entertainment,9,Yes
U560,14,Freelancer,YouTube,2.1305834411096156,Entertainment,7,Yes
U561,40,Professional,YouTube,4.819555893710135,Learning,6,No
U562,41,Researcher,Reddit,1.16211785673227,Networking,7,Yes
U563,33,Professional,YouTube,2.335240308620606,Learning,6,Yes
U564,19,Student,Reddit,2.6640713834799223,Entertainment,3,No
U565,31,Teacher,Twitter,0.1,Entertainment,6,Yes
U566,28,Professional,YouTube,4.608944829012515,Learning,4,No
U567,25,Researcher,Reddit,0.7882047630487583,Entertainment,7,No
U568,26,Teacher,Twitter,0.34897422282124485,Entertainment,6,Yes
U569,23,Teacher,YouTube,1.9651684593626526,Entertainment,3,No
U570,38,Student,LinkedIn,2.6627173922073846,Learning,7,Yes
U571,40,Researcher,Reddit,3.7052940535663357,Networking,4,No
U572,37,Professional,Instagram,4.921336476627982,Learning,6,No
U573,31,Teacher,Instagram,1.3496896326760657,Learning,10,Yes
U574,43,Researcher,Twitter,3.1191959628041914,Entertainment,2,No
U575,42,Teacher,Reddit,1.7356907621255075,Entertainment,1,No
U576,21,Professional,Instagram,1.2015937155411716,Learning,8,Yes
U577,29,Teacher,YouTube,1.5279429989429039,Learning,9,Yes
U578,42,Professional,YouTube,3.2186035469638528,Learning,9,Yes
U579,21,Teacher,Instagram,4.520459587697861,Learning,10,Yes
U580,24,Teacher,Instagram,1.6989062721092638,Learning,9,Yes
U581,35,Researcher,Twitter,3.170412172710063,Entertainment,2,No
U582,41,Teacher,Instagram,1.5433932167642075,Learning,10,Yes
U583,27,Freelancer,Instagram,1.2857000423299907,Learning,7,Yes
U584,28,Freelancer,Instagram,4.002825312695744,Learning,10,Yes
U585,31,Freelancer,LinkedIn,2.5188331706023446,Learning,7,Yes
U586,34,Researcher,Reddit,3.9044861186999156,Networking,5,No
U587,31,Freelancer,Reddit,2.406307710806458,Learning,7,No
U588,28,Professional,LinkedIn,0.9923021439490118,Networking,7,Yes
U589,31,Researcher,Reddit,2.890369810132803,Learning,10,Yes
U590,30,Researcher,Reddit,0.6685545853958662,Entertainment,1,No
U591,16,Professional,Instagram,0.9112329464060233,Learning,7,Yes
U592,21,Freelancer,Instagram,1.773559557587605,Learning,3,No
U593,17,Professional,Twitter,1.6095935923455778,Learning,4,No
U594,28,Freelancer,Instagram,4.257160847334436,Learning,5,No
U595,23,Freelancer,Instagram,1.757690657720622,Learning,8,Yes
U596,30,Teacher,Instagram,4.859092862853967,Learning,10,Yes
U597,21,Professional,Instagram,1.1192378694048637,Learning,9,Yes
U598,27,Researcher,Reddit,0.6098083288469949,Entertainment,7,No
U599,42,Teacher,YouTube,4.83643061798341,Learning,10,Yes
U600,49,Researcher,Twitter,3.095907066870689,Networking,5,Yes
U601,22,Freelancer,LinkedIn,0.9229796445294882,Learning,10,Yes
U602,31,Freelancer,YouTube,3.2131991135515494,Entertainment,6,Yes
U603,27,Student,Instagram,1.4509281476309932,Learning,9,Yes
U604,27,Teacher,Instagram,5.274510075747593,Learning,9,Yes
U605,36,Researcher,YouTube,3.4804464621730493,Networking,3,No
U606,38,Teacher,YouTube,3.8662373671237797,Learning,10,Yes
U607,44,Researcher,Twitter,2.8823804206182584,Networking,7,Yes
U608,28,Freelancer,YouTube,4.725443850928009,Networking,5,Yes
U609,44,Researcher,Reddit,4.386670832185204,Networking,5,No
U610,23,Teacher,Twitter,1.2219765989542501,Entertainment,7,Yes
U611,24,Student,LinkedIn,0.7883988726825975,Entertainment,6,Yes
U612,36,Researcher,Instagram,4.744931719301041,Learning,7,Yes
U613,36,Teacher,YouTube,0.19954801076174222,Networking,2,No
U614,35,Freelancer,LinkedIn,2.585751487609877,Networking,1,No
U615,42,Professional,Twitter,2.6483726199254765,Networking,4,No
U616,42,Researcher,YouTube,3.278405594422916,Networking,4,No
U617,37,Student,YouTube,2.3120727977839644,Learning,5,No
U618,21,Teacher,Twitter,1.8307350828640092,Learning,9,Yes
U619,30,Researcher,YouTube,2.510443244147981,Entertainment,1,No
U620,39,Professional,YouTube,4.415350452859341,Learning,3,No
U621,36,Researcher,Reddit,3.36991761741371,Learning,8,Yes
U622,37,Student,Instagram,1.6918192959802614,Entertainment,2,No
U623,24,Student,YouTube,1.4124018098380315,Entertainment,3,No
U624,25,Professional,YouTube,1.841142451621883,Learning,8,Yes
U625,24,Teacher,Instagram,2.8408218975018844,Learning,10,Yes
U626,33,Freelancer,LinkedIn,3.2788455303625623,Networking,3,No
U627,44,Teacher,Twitter,0.944271021531484,Learning,8,Yes
U628,27,Professional,YouTube,3.7232523892160025,Networking,4,No
U629,36,Professional,YouTube,1.4491108742483925,Entertainment,5,No
U630,27,Professional,Twitter,5.570074519260634,Networking,8,Yes
U631,45,Professional,Twitter,3.490270343284187,Networking,4,No
U632,30,Professional,Instagram,0.5924529040860658,Entertainment,1,No
U633,31,Student,Twitter,4.394571244394831,Entertainment,6,No
U634,29,Professional,Twitter,4.371211070542692,Networking,6,Yes
U635,47,Teacher,Reddit,1.7829900704465091,Entertainment,1,No
U636,22,Teacher,Twitter,1.0331791872231673,Entertainment,7,Yes
U637,20,Teacher,YouTube,2.893667258294551,Entertainment,7,No
U638,43,Researcher,Twitter,2.7620244881787386,Networking,7,Yes
U639,40,Professional,YouTube,1.040076238372578,Entertainment,4,No
U640,44,Freelancer,Instagram,2.77587899612437,Entertainment,7,Yes
U641,48,Teacher,Twitter,0.5824285491849885,Learning,5,Yes
U642,23,Freelancer,LinkedIn,2.144769360847387,Learning,10,Yes
U643,19,Freelancer,Reddit,0.9961694864409707,Networking,4,No
U644,38,Student,Instagram,2.0923702894478624,Entertainment,3,No
U645,39,Student,LinkedIn,3.1118031096148195,Learning,7,Yes
U646,28,Researcher,YouTube,4.803399922279999,Networking,5,Yes
U647,39,Freelancer,LinkedIn,3.7049804824992525,Learning,6,Yes
U648,36,Freelancer,LinkedIn,1.4212772885947864,Learning,9,Yes
U649,25,Freelancer,Instagram,4.709804159118796,Entertainment,3,No
U650,23,Researcher,Reddit,3.586424237338265,Learning,10,Yes
U651,46,Professional,YouTube,3.1940690443352464,Learning,6,No
U652,32,Teacher,YouTube,5.766716850648162,Learning,8,Yes
U653,30,Teacher,LinkedIn,1.3880214237749275,Entertainment,1,No
U654,31,Professional,Reddit,3.2666738353827927,Networking,3,No
U655,25,Student,Reddit,2.985377789850669,Entertainment,4,No
U656,43,Researcher,Twitter,3.0942766348853596,Networking,4,Yes
U657,50,Professional,YouTube,2.500937824058126,Learning,8,Yes
U658,41,Teacher,YouTube,4.231086333040971,Learning,4,No
U659,16,Freelancer,YouTube,3.712154811643426,Entertainment,7,Yes
U660,30,Researcher,YouTube,4.118412997703595,Networking,7,Yes
U661,41,Student,LinkedIn,0.9948530838051979,Learning,5,No
U662,41,Researcher,YouTube,3.769008911101695,Networking,3,No
U663,39,Student,Reddit,5.112943603096518,Learning,4,No
U664,23,Teacher,Twitter,0.509573888707876,Networking,9,Yes
U665,22,Professional,YouTube,2.479256545477845,Learning,2,No
U666,30,Student,LinkedIn,1.143936142435537,Entertainment,5,Yes
U667,40,Researcher,Reddit,2.6021740548933714,Learning,8,Yes
U668,27,Researcher,Reddit,0.5045481041363507,Entertainment,3,No
U669,32,Professional,YouTube,4.559878971074091,Learning,5,No
U670,25,Freelancer,Instagram,0.7533635210644181,Learning,8,Yes
U671,24,Freelancer,Reddit,1.1217818115909957,Entertainment,3,No
U672,29,Professional,LinkedIn,0.8362031389401887,Networking,6,Yes
U673,32,Freelancer,Instagram,5.542058014267982,Entertainment,3,No
U674,41,Researcher,Twitter,2.9778066743928298,Networking,5,Yes
U675,40,Professional,YouTube,1.0434709847384227,Entertainment,5,No
U676,33,Freelancer,Reddit,1.199645702711677,Learning,4,No
U677,43,Researcher,Reddit,1.0747961330151412,Learning,6,Yes
U678,36,Professional,Instagram,4.402257663177683,Learning,2,No
U679,31,Freelancer,YouTube,4.741166531161705,Learning,5,Yes
U680,35,Student,LinkedIn,4.3739548335834595,Learning,4,No
U681,28,Student,LinkedIn,0.6649789261202492,Entertainment,7,Yes
U682,35,Researcher,YouTube,4.932939114826024,Networking,5,Yes
U683,31,Teacher,Twitter,3.681640131979702,Networking,5,No
U684,40,Freelancer,Instagram,2.666933692687089,Entertainment,7,Yes
U685,34,Professional,Instagram,2.1498608945832576,Entertainment,4,No
U686,35,Teacher,LinkedIn,1.9764871496270018,Entertainment,4,No
U687,19,Freelancer,Reddit,1.420829923989389,Entertainment,4,No
U688,37,Researcher,Twitter,2.4762290971824203,Entertainment,4,No
U689,24,Freelancer,Instagram,1.8720959857499684,Learning,4,No
U690,35,Freelancer,LinkedIn,1.5093879133909487,Learning,9,Yes
U691,35,Student,Reddit,4.575313480839287,Learning,4,No
U692,26,Freelancer,LinkedIn,4.160652016136506,Networking,7,No
U693,39,Professional,Twitter,3.4098015022568187,Networking,3,No
U694,25,Freelancer,Instagram,1.1997882171306475,Learning,6,No
U695,35,Teacher,YouTube,0.1,Networking,1,No
U696,31,Student,LinkedIn,2.603756844918461,Learning,5,Yes
U697,37,Student,LinkedIn,1.757685087119998,Learning,5,Yes
U698,39,Teacher,Instagram,2.1953127995813846,Learning,10,Yes
U699,27,Teacher,Instagram,1.2149480911440824,Learning,9,Yes
U700,34,Student,LinkedIn,2.5462986691496545,Learning,8,Yes
U701,38,Student,Reddit,4.29441403535961,Learning,5,No
U702,36,Researcher,Reddit,4.365382059533262,Networking,6,No
U703,20,Professional,Twitter,2.2071365339182174,Learning,3,No
U704,42,Researcher,Reddit,3.5230302903016777,Learning,10,Yes
U705,38,Teacher,YouTube,4.7964818435366094,Learning,10,Yes
U706,29,Researcher,Instagram,3.7431592284783504,Learning,3,No
U707,40,Freelancer,LinkedIn,3.852947226557617,Learning,6,Yes
U708,37,Freelancer,Instagram,4.892206490236242,Entertainment,7,Yes
U709,33,Freelancer,YouTube,5.688220292257743,Networking,5,Yes
U710,33,Teacher,Instagram,1.0178791941444745,Learning,8,Yes
U711,19,Researcher,Reddit,1.408606287484312,Entertainment,7,No
U712,22,Freelancer,YouTube,2.7521779687616066,Entertainment,7,Yes
U713,37,Researcher,Reddit,3.850607975838436,Networking,6,No
U714,35,Teacher,YouTube,1.1348431871305051,Learning,10,Yes
U715,32,Professional,YouTube,1.9054398046114833,Learning,10,Yes
U716,19,Professional,YouTube,3.2608250559622296,Learning,2,No
U717,29,Teacher,YouTube,4.536225439811233,Learning,10,Yes
U718,42,Researcher,Twitter,3.5555774651236733,Networking,5,Yes
U719,30,Teacher,Twitter,0.1,Entertainment,6,Yes
U720,16,Teacher,Instagram,3.593955526076973,Learning,7,Yes
U721,38,Teacher,LinkedIn,4.17380327779344,Learning,4,Yes
U722,39,Researcher,Reddit,1.381815941312484,Networking,9,Yes
U723,27,Freelancer,YouTube,5.14344369504865,Networking,8,Yes
U724,44,Teacher,Reddit,1.6896191031594734,Entertainment,1,No
U725,38,Researcher,Reddit,2.697893071686433,Networking,6,No
U726,18,Freelancer,YouTube,2.7994740733982475,Entertainment,7,Yes
U727,35,Freelancer,Instagram,4.718369275866754,Learning,8,Yes
U728,44,Freelancer,LinkedIn,1.6021473774808488,Learning,9,Yes
U729,24,Professional,LinkedIn,1.2178910959110771,Networking,6,Yes
U730,35,Freelancer,LinkedIn,3.2644731601754753,Learning,9,Yes
U731,27,Student,Reddit,3.540108052725225,Entertainment,4,No
U732,23,Freelancer,Reddit,2.3962537562389876,Networking,2,No
U733,19,Teacher,Twitter,0.21070620799674167,Entertainment,10,Yes
U734,35,Researcher,Twitter,2.9598259129594884,Entertainment,3,No
U735,18,Teacher,Instagram,3.3479100844961645,Learning,5,Yes
U736,27,Freelancer,Reddit,1.159238663449177,Learning,5,No
U737,42,Researcher,Reddit,4.173838241769168,Networking,4,No
U738,15,Student,Instagram,2.356385717943224,Entertainment,5,Yes
U739,28,Teacher,YouTube,2.062145960419194,Entertainment,5,No
U740,38,Teacher,Twitter,1.0170762087440124,Learning,5,Yes
U741,17,Student,Instagram,0.3563770305685987,Networking,6,Yes
U742,23,Freelancer,Reddit,1.2570874355574073,Networking,4,No
U743,18,Researcher,Reddit,2.339686641478252,Entertainment,2,No
U744,35,Teacher,Instagram,2.925602982420672,Entertainment,1,No
U745,19,Student,Reddit,3.5331562504546064,Entertainment,5,No
U746,19,Teacher,Twitter,1.2312956464269755,Learning,8,Yes
U747,25,Student,Instagram,0.1,Networking,6,Yes
U748,43,Researcher,YouTube,3.761217673832172,Networking,2,No
U749,45,Professional,Instagram,4.697054701523686,Learning,4,No
U750,30,Student,Twitter,4.309417234430159,Entertainment,3,No
U751,31,Freelancer,YouTube,4.067797868845306,Learning,7,Yes
U752,29,Freelancer,Instagram,5.031030446625948,Entertainment,3,No
U753,43,Professional,Twitter,3.091695254641298,Networking,4,No
U754,33,Teacher,LinkedIn,1.9742305569777523,Entertainment,3,No
U755,47,Teacher,Twitter,0.7012449026541792,Learning,8,Yes
U756,16,Teacher,Twitter,1.711184930849254,Learning,7,Yes
U757,44,Student,Instagram,2.8694498318987893,Entertainment,1,No
U758,27,Researcher,Instagram,3.8894290253908976,Learning,4,No
U759,38,Freelancer,YouTube,3.542659071282512,Entertainment,7,Yes
U760,36,Student,Instagram,1.595867139179537,Entertainment,2,No
U761,44,Researcher,Twitter,2.384777796721717,Networking,8,Yes
U762,27,Teacher,Twitter,0.7612570526328788,Networking,5,Yes
U763,36,Researcher,Twitter,3.009199110444342,Entertainment,3,No
U764,23,Teacher,YouTube,1.800799296473215,Learning,4,No
U765,33,Professional,YouTube,4.52522504626807,Learning,3,No
U766,34,Researcher,Reddit,0.948459849120091,Learning,7,Yes
U767,48,Freelancer,LinkedIn,1.925973808861459,Learning,8,Yes
U768,19,Student,Instagram,0.9009696863427934,Learning,8,Yes
U769,28,Teacher,Instagram,2.0080143640238246,Learning,10,Yes
U770,24,Researcher,Reddit,3.025100103125847,Learning,10,Yes
U771,26,Freelancer,Reddit,2.197833744891982,Learning,5,No
U772,31,Teacher,LinkedIn,3.6549592780026803,Entertainment,1,No
U773,35,Researcher,Reddit,4.303361529568091,Networking,3,No
U774,34,Teacher,YouTube,0.908401690639806,Networking,1,No
U775,33,Student,LinkedIn,2.667252824240275,Learning,10,Yes
U776,40,Teacher,YouTube,1.4438277129369181,Networking,1,No
U777,29,Teacher,YouTube,1.6396661872214042,Learning,9,Yes
U778,29,Researcher,Instagram,4.297605677956161,Learning,4,No
U779,37,Teacher,LinkedIn,4.915035379595701,Learning,7,Yes
U780,22,Researcher,Reddit,3.148871544545697,Learning,10,Yes
U781,23,Freelancer,YouTube,3.032962126027231,Entertainment,9,Yes
U782,35,Student,LinkedIn,2.310793305307228,Learning,4,Yes
U783,20,Student,Instagram,3.0194702502348063,Entertainment,8,Yes
U784,33,Teacher,LinkedIn,1.7913734067265386,Entertainment,4,No
U785,14,Student,Instagram,2.320849123026985,Entertainment,7,Yes
U786,42,Teacher,YouTube,3.4499228835141524,Learning,4,No
U787,31,Freelancer,LinkedIn,4.019750615310113,Learning,6,Yes
U788,30,Student,LinkedIn,4.9894682517560565,Learning,3,No
U789,23,Student,Twitter,5.028886433075943,Entertainment,5,No
U790,40,Freelancer,LinkedIn,3.3372462166737686,Entertainment,2,No
U791,25,Student,LinkedIn,0.8972019905854768,Entertainment,8,Yes
U792,28,Freelancer,Reddit,2.1343708277962565,Networking,1,No
U793,34,Freelancer,Instagram,3.954149561930343,Learning,7,Yes
U794,37,Teacher,YouTube,0.8064501487627995,Networking,1,No
U795,38,Teacher,YouTube,2.147768878782889,Learning,9,Yes
U796,41,Freelancer,LinkedIn,4.224551055371572,Learning,6,Yes
U797,31,Teacher,Instagram,1.6530165261679088,Learning,10,Yes
U798,22,Freelancer,Instagram,3.6642003740709668,Learning,4,No
U799,22,Freelancer,Reddit,0.7410631266595953,Entertainment,5,No
U800,26,Freelancer,Reddit,1.4214853995966954,Entertainment,6,No
U801,26,Freelancer,Reddit,1.645191581759893,Learning,4,No
U802,36,Researcher,Reddit,4.287602508053283,Learning,7,Yes
U803,37,Student,Reddit,5.150332860690606,Learning,3,No
U804,38,Teacher,YouTube,1.02488684359048,Networking,2,No
U805,43,Teacher,Twitter,1.0035315793140882,Learning,5,Yes
U806,24,Professional,Instagram,0.7698394302632765,Entertainment,3,No
U807,34,Teacher,LinkedIn,5.149414210101267,Learning,6,Yes
U808,17,Teacher,YouTube,1.310486472194695,Learning,4,No
U809,43,Teacher,Twitter,1.2460094239963997,Learning,4,Yes
U810,40,Freelancer,Instagram,2.83698257866621,Networking,6,No
U811,19,Professional,LinkedIn,2.423328540064378,Learning,4,No
U812,32,Researcher,Reddit,2.248576355876848,Entertainment,6,No
U813,43,Teacher,Reddit,1.6605812719957977,Entertainment,1,No
U814,21,Student,Reddit,2.76861211797844,Entertainment,5,No
U815,26,Teacher,Twitter,1.1467394559569968,Entertainment,5,Yes
U816,32,Researcher,YouTube,2.3039936800404353,Entertainment,1,No
U817,39,Teacher,Instagram,4.029968192023311,Entertainment,2,No
U818,15,Teacher,Twitter,1.3085029747883488,Learning,9,Yes
U819,13,Researcher,Reddit,2.3417846616002387,Entertainment,1,No
U820,44,Researcher,Twitter,2.1170221443997326,Networking,4,Yes
U821,24,Teacher,Instagram,4.2059719926932,Learning,7,Yes
U822,30,Teacher,Instagram,3.630625265616928,Entertainment,1,No
U823,29,Professional,Twitter,4.815361430376899,Networking,9,Yes
U824,18,Professional,LinkedIn,3.5716942336711255,Learning,6,No
U825,13,Teacher,Twitter,0.11188238355084001,Learning,9,Yes
U826,26,Freelancer,YouTube,4.504326405740335,Learning,5,Yes
U827,30,Researcher,YouTube,1.985314245908964,Entertainment,3,No
U828,29,Teacher,YouTube,4.323664857078233,Learning,10,Yes
U829,30,Freelancer,Instagram,0.6388204068910543,Learning,6,Yes
U830,23,Student,Instagram,2.056344187494963,Learning,4,No
U831,29,Researcher,Instagram,3.0853683031536057,Learning,3,No
U832,48,Freelancer,Instagram,3.46686385495825,Entertainment,8,Yes
U833,31,Freelancer,LinkedIn,1.332099268473851,Learning,7,Yes
U834,22,Student,Reddit,2.3463210212035266,Entertainment,5,No
U835,44,Teacher,Reddit,1.0417377800256706,Learning,3,No
U836,25,Student,Twitter,5.417905810003469,Entertainment,3,No
U837,47,Teacher,YouTube,3.922050911031666,Learning,2,No
U838,30,Researcher,Reddit,0.5258563517546996,Entertainment,1,No
U839,39,Professional,Twitter,2.780009112926394,Networking,2,No
U840,38,Student,YouTube,2.6508913680837725,Learning,5,No
U841,17,Researcher,Reddit,2.5586994079512304,Entertainment,3,No
U842,49,Teacher,Reddit,2.624249614946463,Entertainment,2,No
U843,38,Freelancer,LinkedIn,1.4201156771054573,Learning,8,Yes
U844,24,Professional,YouTube,1.3369761569589809,Learning,6,Yes
U845,39,Teacher,YouTube,4.2932674194383615,Learning,8,Yes
U846,23,Professional,LinkedIn,0.730140253291443,Networking,4,Yes
U847,26,Freelancer,Instagram,3.218120536894695,Learning,3,No
U848,41,Researcher,Twitter,2.3214245425524784,Networking,6,Yes
U849,23,Teacher,YouTube,1.2718939407749428,Learning,5,No
U850,28,Teacher,LinkedIn,2.0756738242147743,Entertainment,4,No
U851,46,Professional,YouTube,3.316398497705793,Learning,9,Yes
U852,40,Freelancer,Instagram,4.2207523326499645,Entertainment,6,Yes
U853,41,Freelancer,LinkedIn,1.2847996428971162,Learning,9,Yes
U854,24,Freelancer,Reddit,1.3378834278658478,Networking,4,No
U855,22,Freelancer,LinkedIn,1.5450992055623936,Learning,10,Yes
U856,28,Freelancer,YouTube,5.217624667361877,Networking,6,Yes
U857,34,Student,Reddit,3.9769060688809534,Learning,5,No
U858,41,Freelancer,LinkedIn,3.3352445699037947,Learning,9,Yes
U859,15,Freelancer,YouTube,1.9517353724549606,Entertainment,8,Yes
U860,24,Student,Twitter,4.474988032796551,Entertainment,5,No
U861,28,Student,Instagram,0.5582810151048195,Entertainment,7,Yes
U862,31,Teacher,Twitter,3.175177390150735,Networking,7,No
U863,18,Teacher,Twitter,0.5390700934373434,Learning,7,Yes
U864,40,Professional,YouTube,2.7980213139592505,Learning,8,Yes
U865,28,Freelancer,Reddit,1.603633664699472,Entertainment,2,No
U866,40,Researcher,Reddit,4.034672168518125,Networking,7,No
U867,33,Teacher,Instagram,1.8391312233313735,Learning,10,Yes
U868,36,Researcher,Reddit,4.088410436069699,Networking,6,No
U869,22,Teacher,Twitter,0.5266599577063673,Entertainment,7,Yes
U870,23,Professional,LinkedIn,0.46417244483697334,Networking,5,Yes
U871,36,Teacher,YouTube,5.336726045149269,Learning,9,Yes
U872,30,Student,LinkedIn,1.570230525895174,Entertainment,4,Yes
U873,20,Professional,YouTube,2.150209381536201,Learning,1,No
U874,24,Professional,Instagram,1.5148662089395875,Entertainment,2,No
U875,44,Student,Instagram,2.405698277245796,Entertainment,4,No
U876,20,Researcher,Instagram,2.8258683556236908,Learning,7,No
U877,26,Teacher,Twitter,4.30938882187743,Networking,6,No
U878,36,Professional,Reddit,4.168965959206276,Networking,3,No
U879,30,Freelancer,YouTube,3.738727596877793,Learning,7,Yes
U880,33,Professional,YouTube,0.7412485894928682,Entertainment,1,No
U881,42,Professional,YouTube,4.808830733421751,Learning,3,No
U882,27,Student,Twitter,4.935747655412824,Entertainment,6,No
U883,27,Freelancer,YouTube,4.575738137619761,Learning,8,Yes
U884,40,Freelancer,Twitter,0.9702946082002484,Networking,1,No
U885,31,Professional,YouTube,3.7953479604640723,Networking,5,No
U886,37,Professional,Twitter,4.336763935844458,Networking,8,Yes
U887,17,Professional,LinkedIn,4.0236588533107245,Learning,4,No
U888,23,Professional,LinkedIn,4.084794996213887,Learning,2,No
U889,39,Researcher,Twitter,2.685304627965986,Entertainment,5,No
U890,39,Student,YouTube,2.3782615250930688,Learning,4,No
U891,34,Teacher,Instagram,1.4344462487221392,Learning,10,Yes
U892,26,Freelancer,LinkedIn,1.3571273780089175,Learning,10,Yes
U893,31,Teacher,Instagram,2.4860287208570724,Learning,8,Yes
U894,26,Teacher,Twitter,3.8689044915003445,Networking,5,No
U895,28,Professional,YouTube,4.162176679935252,Networking,2,No
U896,29,Teacher,LinkedIn,1.9329613845100297,Entertainment,4,No
U897,23,Teacher,Instagram,3.8823029629468,Learning,8,Yes
U898,25,Student,Reddit,2.6901678306539423,Entertainment,6,No
U899,28,Freelancer,YouTube,4.288223924562881,Learning,8,Yes
U900,24,Teacher,Twitter,0.7128228710485821,Entertainment,6,Yes
U901,31,Teacher,Instagram,4.612653961020471,Learning,10,Yes
U902,16,Professional,Twitter,2.015236535583321,Learning,5,No
U903,38,Professional,Reddit,3.334263702164166,Networking,7,No
U904,36,Researcher,Reddit,4.713023585720753,Networking,6,No
U905,22,Freelancer,Instagram,1.2816178813808912,Learning,5,No
U906,33,Researcher,Reddit,0.1,Entertainment,1,No
U907,25,Student,YouTube,2.47479195210271,Entertainment,5,No
U908,18,Student,Instagram,1.5907270393452433,Networking,8,Yes
U909,39,Freelancer,Twitter,0.15386865244719072,Networking,1,No
U910,26,Researcher,Reddit,3.244853902622597,Learning,10,Yes
U911,25,Professional,YouTube,3.3485126147243287,Networking,6,No
U912,39,Researcher,Reddit,1.8317436076655298,Learning,5,Yes
U913,28,Teacher,YouTube,5.1471120645067465,Learning,7,Yes
U914,35,Freelancer,LinkedIn,3.682796099841839,Learning,9,Yes
U915,26,Researcher,Reddit,0.20811716720680173,Entertainment,5,No
U916,25,Teacher,Instagram,3.2547294738418704,Learning,4,Yes
U917,20,Student,Instagram,0.9419040422593787,Learning,6,Yes
U918,33,Researcher,YouTube,3.684088895884777,Networking,1,No
U919,37,Teacher,YouTube,1.7664108549753224,Learning,10,Yes
U920,40,Teacher,LinkedIn,4.4421200054446235,Learning,6,Yes
U921,30,Teacher,Twitter,1.14102603285631,Entertainment,8,Yes
U922,23,Professional,Instagram,1.6436230776679637,Learning,6,Yes
U923,29,Freelancer,Reddit,1.2099733793149785,Entertainment,5,No
U924,40,Researcher,Reddit,1.3197022502676885,Networking,6,Yes
U925,20,Professional,LinkedIn,3.749842555151467,Learning,4,No
U926,44,Teacher,Twitter,1.7360011354596372,Learning,9,Yes
U927,33,Freelancer,Instagram,1.4379776339580437,Learning,6,Yes
U928,18,Freelancer,Reddit,1.9713412091798612,Entertainment,6,No
U929,45,Professional,Instagram,4.341124476340328,Learning,2,No
U930,27,Freelancer,Reddit,0.581168788836351,Learning,5,No
U931,29,Student,LinkedIn,2.8345780321946363,Learning,10,Yes
U932,40,Researcher,Twitter,3.243645418633371,Entertainment,6,No
U933,37,Teacher,YouTube,3.6183569479107094,Learning,2,No
U934,41,Professional,Twitter,2.7189689177238012,Networking,5,No
U935,35,Researcher,Reddit,1.5416644964055346,Networking,7,Yes
U936,30,Researcher,YouTube,2.395343090210319,Entertainment,2,No
U937,45,Professional,YouTube,3.8364890238830056,Learning,10,Yes
U938,22,Professional,YouTube,3.9819362473096804,Learning,4,No
U939,36,Freelancer,LinkedIn,1.207006983682509,Learning,7,Yes
U940,39,Teacher,YouTube,0.30947769842311257,Networking,1,No
U941,29,Teacher,YouTube,5.151909297802438,Learning,8,Yes
U942,28,Freelancer,LinkedIn,3.8607812525630716,Networking,6,No
U943,48,Teacher,Twitter,0.8845668130776155,Learning,4,Yes
U944,32,Student,Instagram,1.326630331660517,Entertainment,5,Yes
U945,33,Student,LinkedIn,1.4306971001383757,Learning,5,Yes
U946,37,Freelancer,LinkedIn,4.146459311515805,Learning,9,Yes
U947,24,Teacher,Twitter,0.49706958962055336,Entertainment,7,Yes
U948,39,Student,YouTube,3.259688953103648,Learning,6,No
U949,41,Teacher,Instagram,2.796257676584059,Learning,10,Yes
U950,33,Professional,YouTube,0.816671706108326,Entertainment,2,No
U951,28,Student,Instagram,1.12522143204571,Learning,6,Yes
U952,22,Student,Reddit,3.629793943489901,Entertainment,6,No
U953,23,Professional,YouTube,3.406434675105243,Networking,3,No
U954,28,Freelancer,Instagram,4.4772943910338805,Learning,7,Yes
U955,30,Freelancer,Instagram,4.8126942102712045,Entertainment,2,No
U956,27,Freelancer,Reddit,0.5401634219011718,Entertainment,4,No
U957,44,Freelancer,LinkedIn,1.3930811269528813,Learning,8,Yes
U958,26,Teacher,Twitter,3.055136112967913,Learning,2,No
U959,30,Professional,Instagram,0.8534385888001141,Entertainment,1,No
U960,27,Freelancer,Reddit,2.521816001734407,Networking,3,No
U961,40,Researcher,Twitter,2.1717465528603714,Networking,8,Yes
U962,45,Professional,Twitter,3.1066025933739887,Networking,5,No
U963,43,Freelancer,Instagram,2.9605185348340957,Networking,4,No
U964,38,Freelancer,YouTube,3.3601199157520827,Entertainment,8,Yes
U965,41,Researcher,YouTube,4.495185948025855,Networking,4,No
U966,24,Professional,Instagram,1.2700256472844453,Entertainment,1,No
U967,36,Researcher,Twitter,3.085306498609765,Entertainment,3,No
U968,32,Professional,YouTube,2.4840923302664306,Learning,8,Yes
U969,24,Student,YouTube,1.4343458084083387,Entertainment,7,No
U970,39,Freelancer,Twitter,0.4938816327461249,Networking,1,No
U971,41,Teacher,Reddit,1.0574247367211012,Learning,6,No
U972,21,Freelancer,YouTube,2.287294735010523,Entertainment,8,Yes
U973,21,Teacher,YouTube,3.8745472126543623,Entertainment,7,No
U974,23,Teacher,YouTube,3.0223397903683935,Entertainment,4,No
U975,27,Freelancer,Instagram,3.0244628168959897,Learning,4,No
U976,19,Researcher,Reddit,0.1,Entertainment,5,No
U977,20,Teacher,YouTube,1.3409330308592458,Learning,2,No
U978,40,Researcher,YouTube,4.373632398688983,Networking,2,No
U979,13,Teacher,YouTube,1.3744419176586824,Learning,5,No
U980,22,Teacher,YouTube,2.272522103223151,Entertainment,4,No
U981,42,Student,YouTube,2.3372728699985497,Learning,4,No
U982,21,Professional,YouTube,2.9639397620796784,Learning,2,No
U983,30,Freelancer,YouTube,4.342946503146665,Learning,4,Yes
U984,44,Professional,Twitter,1.5903498136262326,Networking,2,No
U985,37,Researcher,Reddit,3.885100184712403,Networking,7,No
U986,37,Teacher,YouTube,4.574296782869843,Learning,9,Yes
U987,30,Teacher,YouTube,4.687605709454256,Learning,9,Yes
U988,23,Professional,YouTube,4.292629501301705,Learning,4,No
U989,33,Freelancer,Instagram,4.683740832737152,Learning,8,Yes
U990,29,Freelancer,Reddit,1.643235156913801,Networking,1,No
U991,20,Professional,LinkedIn,3.960900750988626,Learning,5,No
U992,43,Teacher,Reddit,2.1413439436046064,Entertainment,2,No
U993,27,Professional,LinkedIn,0.8100472452259206,Networking,4,Yes
U994,21,Freelancer,LinkedIn,1.4034252966078355,Learning,10,Yes
U995,34,Freelancer,LinkedIn,3.5282717824147705,Entertainment,3,No
U996,35,Teacher,Instagram,2.9345557823370423,Entertainment,1,No
U997,23,Freelancer,LinkedIn,3.736816038405727,Networking,6,No
U998,41,Professional,Instagram,3.6368094350092304,Learning,3,No
U999,21,Teacher,Instagram,3.8777563231711243,Learning,8,Yes
U1000,23,Student,Instagram,0.44065674425695284,Networking,9,Yes
U1001,19,Teacher,Instagram,3.391316593197458,Learning,6,Yes
U1002,49,Teacher,Reddit,1.452455042881047,Learning,5,No
U1003,43,Researcher,Reddit,4.487908359672354,Learning,9,Yes
U1004,35,Teacher,YouTube,5.059227221971207,Learning,7,Yes
U1005,38,Teacher,Instagram,2.877141311776808,Entertainment,2,No
U1006,29,Teacher,Twitter,3.9274670554999243,Networking,4,No
U1007,18,Teacher,Twitter,0.7452100726254138,Entertainment,8,Yes
U1008,15,Researcher,Reddit,1.3707475446623327,Entertainment,3,No
U1009,25,Freelancer,Reddit,1.491491474787815,Entertainment,3,No
U1010,38,Researcher,Reddit,4.14575860577209,Networking,4,No
U1011,36,Teacher,YouTube,5.713358243172761,Learning,10,Yes
U1012,46,Professional,Twitter,2.9164799126803485,Networking,6,No
U1013,33,Researcher,Instagram,3.3111912496228815,Learning,5,Yes
U1014,15,Student,Instagram,2.317612997914529,Entertainment,8,Yes
U1015,21,Researcher,Reddit,1.1106916477146993,Entertainment,7,No
U1016,34,Professional,Instagram,2.1442213864349626,Entertainment,3,No
U1017,38,Freelancer,Instagram,3.8070083438810203,Entertainment,8,Yes
U1018,22,Teacher,Twitter,2.4600378074304774,Learning,2,No
U1019,34,Student,LinkedIn,3.335482587685891,Learning,10,Yes
U1020,16,Teacher,Twitter,1.294807088685452,Entertainment,8,Yes
U1021,34,Freelancer,YouTube,4.265853634061817,Networking,6,Yes
U1022,24,Freelancer,LinkedIn,3.7673145430612176,Networking,4,No
U1023,29,Freelancer,YouTube,3.382126130491561,Networking,7,Yes
U1024,45,Teacher,Twitter,1.5016877532985804,Learning,7,Yes
U1025,16,Professional,Twitter,2.3639105864215426,Learning,1,No
U1026,41,Freelancer,LinkedIn,4.262135069768915,Learning,6,Yes
U1027,38,Freelancer,LinkedIn,3.293052023853731,Learning,9,Yes
U1028,41,Teacher,YouTube,1.0428435807016796,Networking,3,No
U1029,40,Freelancer,Instagram,2.6372876869702067,Networking,3,No
U1030,27,Student,Twitter,4.927691877837159,Entertainment,2,No
U1031,22,Student,Instagram,1.0523268388184879,Learning,2,No
U1032,31,Teacher,Twitter,0.5959495804198898,Entertainment,8,Yes
U1033,25,Researcher,Instagram,2.9020923026048853,Learning,7,No
U1034,19,Teacher,Instagram,3.9255681209118287,Learning,8,Yes
U1035,33,Freelancer,LinkedIn,4.2292255583283325,Learning,9,Yes
U1036,41,Teacher,Twitter,0.8826897150212931,Learning,4,Yes
U1037,36,Researcher,Reddit,4.019118997480014,Learning,8,Yes
U1038,30,Freelancer,YouTube,3.9757042926832282,Networking,4,Yes
U1039,40,Freelancer,LinkedIn,1.2501616759966063,Learning,10,Yes
U1040,21,Freelancer,LinkedIn,1.0748976914791277,Learning,8,Yes
U1041,22,Teacher,Twitter,2.3103965455149877,Learning,6,Yes
U1042,25,Freelancer,Instagram,0.9440164871129182,Learning,5,No
U1043,43,Teacher,Reddit,2.332088619376219,Learning,3,No
U1044,29,Teacher,Twitter,0.9984293867329039,Networking,8,Yes
U1045,24,Student,YouTube,1.7403182022450683,Entertainment,5,No
U1046,29,Teacher,Twitter,1.3793102420975667,Networking,8,Yes
U1047,39,Professional,YouTube,4.4860527363034315,Learning,5,No
U1048,24,Professional,YouTube,2.194579597833964,Learning,9,Yes
U1049,29,Professional,YouTube,1.9734396734912274,Learning,6,Yes
U1050,20,Student,Instagram,2.0117844412093135,Learning,10,Yes
U1051,42,Student,Instagram,2.5482346169054417,Entertainment,2,No
U1052,32,Teacher,Twitter,3.587161356251894,Networking,4,No
U1053,25,Student,YouTube,0.9403764027006164,Entertainment,7,No
U1054,45,Teacher,Reddit,1.4985096813021714,Learning,3,No
U1055,44,Student,LinkedIn,0.4999807178011768,Learning,5,No
U1056,30,Professional,Reddit,3.368237712692322,Networking,4,No
U1057,24,Teacher,Twitter,4.01871906734207,Learning,3,No
U1058,23,Freelancer,Instagram,3.471349172456605,Learning,7,No
U1059,32,Teacher,YouTube,4.578588309344212,Learning,10,Yes
U1060,26,Freelancer,Instagram,4.529011367404197,Learning,8,Yes
U1061,33,Teacher,YouTube,5.024215441102642,Learning,7,Yes
U1062,26,Researcher,Reddit,0.1,Entertainment,5,No
U1063,29,Student,LinkedIn,2.0966498526173516,Learning,9,Yes
U1064,24,Teacher,Twitter,1.2056418461397365,Entertainment,9,Yes
U1065,44,Researcher,Reddit,4.60003947821343,Networking,5,No
U1066,37,Teacher,LinkedIn,4.554048776246897,Learning,8,Yes
U1067,24,Student,Instagram,0.4617236469790629,Learning,7,Yes
U1068,32,Teacher,LinkedIn,2.4098557229830684,Entertainment,4,No
U1069,20,Researcher,Reddit,0.2823188055871853,Entertainment,7,No
U1070,19,Freelancer,LinkedIn,2.905166670454819,Networking,7,No
U1071,39,Freelancer,Instagram,4.287827305143388,Entertainment,6,Yes
U1072,31,Freelancer,Twitter,0.7077373211720752,Networking,3,No
U1073,23,Freelancer,LinkedIn,3.1976276677308935,Networking,6,No
U1074,24,Student,Instagram,0.3972169714504654,Learning,5,No
U1075,40,Freelancer,LinkedIn,2.948533098443566,Entertainment,4,No
U1076,32,Teacher,Instagram,2.8374375206393614,Learning,10,Yes
U1077,30,Researcher,Reddit,1.125760995669753,Entertainment,3,No
U1078,22,Teacher,YouTube,1.8311571647875917,Entertainment,4,No
U1079,16,Professional,Instagram,0.799254233026241,Learning,5,Yes
U1080,18,Freelancer,Reddit,1.5967393423852712,Entertainment,5,No
U1081,30,Student,Twitter,5.099397194780955,Entertainment,6,No
U1082,40,Student,LinkedIn,1.2341702443590403,Learning,3,No
U1083,36,Teacher,YouTube,4.232913100610752,Learning,7,Yes
U1084,30,Teacher,YouTube,2.44099777820678,Entertainment,5,No
U1085,41,Researcher,Twitter,3.02864020230762,Entertainment,4,No
U1086,24,Researcher,Instagram,4.127911161073383,Learning,7,No
U1087,23,Freelancer,LinkedIn,1.4522532699123616,Learning,10,Yes
U1088,33,Researcher,Instagram,3.694528343687759,Entertainment,7,Yes
U1089,28,Professional,YouTube,2.0419133139646806,Learning,8,Yes
U1090,20,Teacher,Instagram,4.3052295726017515,Learning,7,Yes
U1091,19,Student,Instagram,1.1048813979797487,Networking,7,Yes
U1092,29,Teacher,Twitter,0.1,Networking,5,Yes
U1093,38,Professional,Reddit,4.101684985062596,Networking,3,No
U1094,32,Student,LinkedIn,2.748951636269514,Learning,10,Yes
U1095,23,Professional,LinkedIn,3.2784779894357587,Learning,6,No
U1096,47,Teacher,Twitter,0.7602535163003783,Learning,7,Yes
U1097,41,Researcher,YouTube,4.2482877725703805,Networking,1,No
U1098,14,Teacher,YouTube,1.3315923976337924,Learning,2,No
U1099,21,Student,Instagram,2.6986461328156035,Entertainment,5,Yes
U1100,28,Researcher,Reddit,3.0556543367214424,Learning,8,Yes
U1101,26,Researcher,Instagram,4.24997868728819,Learning,5,No
U1102,42,Student,Instagram,2.535771576117443,Entertainment,1,No
U1103,26,Professional,YouTube,2.095317795632512,Learning,7,Yes
U1104,24,Freelancer,Reddit,2.2706552903837416,Networking,3,No
U1105,32,Professional,YouTube,0.6837380482362302,Entertainment,3,No
U1106,44,Freelancer,Instagram,3.2989635249734044,Networking,2,No
U1107,13,Teacher,Twitter,1.9046531748665552,Learning,5,Yes
U1108,48,Freelancer,LinkedIn,1.290977052303813,Learning,10,Yes
U1109,20,Teacher,YouTube,1.9761830356904575,Entertainment,7,No
U1110,35,Student,LinkedIn,0.5739555557034697,Learning,5,No
U1111,28,Freelancer,Instagram,4.255183481328806,Entertainment,1,No
U1112,30,Researcher,Reddit,0.40761904593614834,Entertainment,2,No
U1113,20,Teacher,Twitter,0.9147459507049855,Entertainment,8,Yes
U1114,34,Professional,Twitter,4.297216490410679,Networking,6,Yes
U1115,33,Freelancer,YouTube,4.307809166974802,Learning,4,Yes
U1116,19,Student,Instagram,1.9511385868933235,Learning,4,No
U1117,37,Student,YouTube,0.34612190992653985,Entertainment,3,No
U1118,31,Freelancer,YouTube,4.2596419618208845,Entertainment,9,Yes
U1119,39,Researcher,Reddit,4.255396044263797,Networking,6,No
U1120,40,Student,LinkedIn,1.4152902928120286,Learning,6,No
U1121,23,Professional,YouTube,3.2710827230739317,Networking,3,No
U1122,27,Teacher,Instagram,4.9272626135333075,Learning,10,Yes
U1123,16,Professional,Instagram,0.3540330498023435,Learning,5,Yes
U1124,42,Student,Instagram,2.4451237504182544,Entertainment,4,No
U1125,22,Freelancer,YouTube,2.785919669896766,Entertainment,6,Yes
U1126,24,Student,YouTube,1.876625609992392,Entertainment,4,No
U1127,28,Teacher,YouTube,4.412202697187574,Learning,10,Yes
U1128,20,Student,Instagram,0.4524650788616977,Networking,9,Yes
U1129,38,Professional,YouTube,1.4986141091266925,Entertainment,4,No
U1130,29,Professional,LinkedIn,0.1258259978878996,Networking,7,Yes
U1131,32,Researcher,Instagram,3.5316031460495614,Entertainment,10,Yes
U1132,35,Freelancer,LinkedIn,0.9164310967698772,Learning,10,Yes
U1133,38,Freelancer,LinkedIn,2.9240871063333342,Entertainment,6,No
U1134,38,Freelancer,Instagram,2.4837383426157453,Networking,2,No
U1135,37,Researcher,YouTube,4.376149968839761,Networking,1,No
U1136,41,Student,YouTube,1.1128154668230006,Entertainment,6,No
U1137,28,Teacher,Twitter,0.4516140907852126,Entertainment,5,Yes
U1138,19,Professional,LinkedIn,0.8910132835423634,Networking,7,Yes
U1139,42,Teacher,Reddit,2.030221131666778,Entertainment,1,No
U1140,18,Teacher,Twitter,0.7305790719036309,Learning,9,Yes
U1141,29,Teacher,YouTube,1.2957226579618961,Learning,10,Yes
U1142,32,Freelancer,Instagram,0.4186871541637104,Learning,9,Yes
U1143,17,Researcher,Reddit,2.1748250236498468,Entertainment,4,No
U1144,46,Professional,Instagram,3.317598614318972,Learning,4,No
U1145,35,Researcher,YouTube,4.847672099720654,Networking,5,Yes
U1146,37,Teacher,YouTube,3.8682758919588753,Learning,4,No
U1147,44,Teacher,Reddit,2.2395713877190975,Entertainment,1,No
U1148,34,Freelancer,YouTube,3.348977250255068,Entertainment,6,Yes
U1149,29,Researcher,YouTube,4.6352761068264545,Networking,8,Yes
U1150,21,Student,Instagram,2.965935352144148,Entertainment,6,Yes
U1151,37,Researcher,Reddit,1.8675290145420587,Learning,5,Yes
U1152,20,Teacher,Twitter,1.158077978591389,Learning,5,Yes
U1153,33,Freelancer,YouTube,4.534633794904263,Learning,6,Yes
U1154,27,Student,Twitter,4.032213938396447,Entertainment,6,No
U1155,18,Professional,Twitter,2.578394339993491,Learning,1,No
U1156,14,Freelancer,YouTube,3.0062343970068013,Entertainment,10,Yes
U1157,41,Student,YouTube,0.29165843571175143,Entertainment,4,No
U1158,18,Teacher,Twitter,0.9779597631628995,Entertainment,10,Yes
U1159,24,Teacher,Twitter,0.7803463561861844,Entertainment,7,Yes
U1160,21,Freelancer,Reddit,1.5327516077991337,Entertainment,3,No
U1161,36,Teacher,YouTube,4.666929983284267,Learning,10,Yes
U1162,23,Professional,Instagram,1.6156833909155917,Learning,7,Yes
U1163,36,Teacher,LinkedIn,2.6408833638364144,Entertainment,1,No
U1164,34,Professional,Instagram,0.44389040328429696,Entertainment,3,No
U1165,25,Student,YouTube,1.9110349951530243,Entertainment,6,No
U1166,27,Freelancer,Reddit,1.8644666597677046,Learning,6,No
U1167,39,Researcher,Instagram,3.493404260344601,Entertainment,9,Yes
U1168,31,Freelancer,Instagram,5.345490212592983,Entertainment,5,No
U1169,40,Student,YouTube,3.4061352228503825,Learning,5,No
U1170,18,Freelancer,YouTube,3.2118547730534908,Entertainment,6,Yes
U1171,26,Student,LinkedIn,1.0246542978208644,Entertainment,4,Yes
U1172,20,Teacher,Twitter,1.5225442370423767,Learning,9,Yes
U1173,42,Professional,Instagram,4.1724439165484455,Learning,2,No
U1174,39,Freelancer,LinkedIn,2.511951521642478,Entertainment,5,No
U1175,49,Freelancer,Instagram,2.524292882143134,Entertainment,6,Yes
U1176,22,Professional,YouTube,3.5817066794160537,Learning,1,No
U1177,47,Freelancer,LinkedIn,0.9907856670289992,Learning,6,Yes
U1178,30,Student,LinkedIn,5.366183862339057,Learning,2,No
U1179,47,Freelancer,Instagram,2.949932061870186,Entertainment,5,Yes
U1180,23,Freelancer,Instagram,0.7003469125990291,Learning,6,Yes
U1181,38,Student,YouTube,0.9838246464957108,Entertainment,5,No
U1182,45,Freelancer,Instagram,3.549986746174188,Entertainment,9,Yes
U1183,34,Student,YouTube,1.1127540084155179,Entertainment,6,No
U1184,24,Student,LinkedIn,1.3426157414944955,Entertainment,7,Yes
U1185,27,Teacher,Twitter,3.603822022173973,Networking,5,No
U1186,36,Student,LinkedIn,2.461773847977791,Learning,10,Yes
U1187,36,Researcher,Reddit,2.177078716875143,Networking,7,Yes
U1188,43,Professional,Instagram,3.847126647869031,Learning,2,No
U1189,25,Teacher,Twitter,0.5705462064716998,Entertainment,10,Yes
U1190,29,Student,LinkedIn,5.340831701231299,Learning,5,No
U1191,32,Freelancer,Instagram,2.3812935952653973,Learning,5,Yes
U1192,38,Freelancer,Twitter,0.8018478359239237,Networking,1,No
U1193,25,Teacher,YouTube,2.905731517704178,Entertainment,3,No
U1194,41,Professional,Twitter,3.370737957765441,Networking,2,No
U1195,26,Student,Instagram,1.0287578837308078,Learning,10,Yes
U1196,37,Professional,Reddit,3.1573470823160656,Networking,4,No
U1197,31,Freelancer,YouTube,4.915437256577367,Learning,6,Yes
U1198,32,Freelancer,Instagram,4.542507139354255,Learning,7,No
U1199,19,Researcher,Reddit,2.2814404300871773,Entertainment,3,No
U1200,40,Professional,YouTube,2.860092823248973,Learning,9,Yes
U1201,36,Teacher,YouTube,1.9935305558497207,Networking,1,No
U1202,40,Researcher,Reddit,3.734514551094018,Learning,10,Yes
U1203,42,Researcher,Twitter,2.632431109414274,Entertainment,5,No
U1204,25,Teacher,Twitter,0.9711689172448108,Entertainment,6,Yes
U1205,44,Teacher,Reddit,2.6770802103573867,Entertainment,2,No
U1206,39,Researcher,Twitter,3.226987988276112,Entertainment,4,No
U1207,39,Student,LinkedIn,2.3074327501809555,Learning,7,Yes
U1208,39,Freelancer,Instagram,2.9316442650590533,Entertainment,5,Yes
U1209,34,Freelancer,YouTube,3.521757334321733,Entertainment,6,Yes
U1210,29,Student,Twitter,5.079069757259253,Entertainment,4,No
U1211,21,Freelancer,Reddit,0.5352199611528485,Networking,3,No
U1212,31,Professional,Instagram,0.9516962704651009,Entertainment,4,No
U1213,43,Professional,Twitter,2.820660967458391,Networking,2,No
U1214,36,Researcher,Instagram,3.4244929581902466,Learning,9,Yes
U1215,25,Freelancer,Reddit,1.69316165890578,Entertainment,2,No
U1216,37,Professional,Reddit,3.297764389506939,Networking,3,No
U1217,22,Freelancer,YouTube,3.577737849157745,Entertainment,7,Yes
U1218,36,Student,Reddit,5.686509862607428,Learning,1,No
U1219,29,Student,LinkedIn,0.6670972154409186,Entertainment,8,Yes
U1220,33,Freelancer,YouTube,3.4245811442166523,Entertainment,5,Yes
U1221,33,Teacher,Instagram,2.163026217195804,Learning,9,Yes
U1222,37,Professional,Reddit,3.1741702619201884,Networking,6,No
U1223,34,Teacher,YouTube,1.0975124920140633,Networking,1,No
U1224,37,Researcher,Reddit,1.3208589655562049,Learning,6,Yes
U1225,21,Teacher,Twitter,0.43469233253123685,Learning,7,Yes
U1226,39,Teacher,LinkedIn,5.111355611950134,Learning,6,Yes
U1227,38,Professional,YouTube,4.514764792110905,Learning,4,No
U1228,36,Student,LinkedIn,1.6978421201700038,Learning,8,Yes
U1229,30,Teacher,YouTube,5.047677715381299,Learning,10,Yes
U1230,46,Researcher,Twitter,2.484211135417334,Networking,7,Yes
U1231,33,Professional,YouTube,1.3265826190189904,Entertainment,2,No
U1232,23,Professional,YouTube,3.210172006306228,Learning,1,No
U1233,18,Student,Instagram,1.4831937176481436,Learning,3,No
U1234,32,Freelancer,Instagram,3.9273704560705673,Learning,4,No
U1235,13,Teacher,Twitter,0.7417851780562141,Learning,6,Yes
U1236,26,Teacher,Twitter,1.0017667082859516,Entertainment,7,Yes
U1237,33,Researcher,YouTube,2.3970702845598297,Entertainment,2,No
U1238,37,Freelancer,LinkedIn,2.6267108267298807,Networking,1,No
U1239,32,Freelancer,LinkedIn,2.411612918442109,Entertainment,3,No
U1240,22,Student,Instagram,0.7256908505681267,Learning,5,No
U1241,21,Student,Instagram,2.354423126428948,Entertainment,6,Yes
U1242,27,Freelancer,LinkedIn,3.3575622533151646,Networking,5,No
U1243,25,Freelancer,LinkedIn,3.37191012375231,Networking,4,No
U1244,27,Freelancer,Reddit,1.0792512770646105,Learning,4,No
U1245,26,Teacher,Instagram,4.469117900069936,Learning,10,Yes
U1246,17,Freelancer,YouTube,2.9397207590430323,Entertainment,8,Yes
U1247,42,Student,LinkedIn,1.3372585370662613,Learning,2,No
U1248,29,Freelancer,YouTube,3.1751173865758666,Entertainment,6,Yes
U1249,21,Freelancer,Reddit,0.8983995723054278,Entertainment,1,No
U1250,36,Freelancer,Instagram,3.9789777938784487,Learning,9,Yes
U1251,40,Freelancer,Instagram,4.356398539402536,Entertainment,7,Yes
U1252,45,Researcher,Reddit,3.8240393410917455,Learning,10,Yes
U1253,34,Researcher,YouTube,3.715001966901271,Networking,3,No
U1254,36,Teacher,YouTube,0.35194166787505277,Networking,3,No
U1255,25,Student,Instagram,0.3719395862629059,Entertainment,8,Yes
U1256,46,Researcher,Twitter,2.8907133100569853,Networking,7,Yes
U1257,29,Freelancer,YouTube,3.7975147329177825,Entertainment,8,Yes
U1258,32,Freelancer,YouTube,3.2212884734458394,Entertainment,8,Yes
U1259,34,Freelancer,YouTube,4.093501088928283,Learning,5,Yes
U1260,18,Researcher,Reddit,0.1366508455763446,Entertainment,3,No
U1261,32,Freelancer,YouTube,3.484280414812612,Entertainment,5,Yes
U1262,25,Teacher,YouTube,1.9757856829045926,Entertainment,6,No
U1263,22,Teacher,Twitter,3.6865639066206,Learning,5,No
U1264,33,Freelancer,Instagram,3.607066754032944,Learning,9,Yes
U1265,32,Teacher,YouTube,0.8201851637737688,Networking,2,No
U1266,46,Researcher,Twitter,2.950553669595871,Networking,8,Yes
U1267,29,Freelancer,YouTube,3.591917258161252,Entertainment,9,Yes
U1268,27,Freelancer,LinkedIn,2.446516831990248,Learning,9,Yes
U1269,31,Researcher,Reddit,0.9749000122839538,Entertainment,1,No
U1270,31,Researcher,Reddit,2.3979727015789947,Learning,8,Yes
U1271,28,Professional,YouTube,3.5522678764554634,Networking,2,No
U1272,31,Researcher,Reddit,0.1,Entertainment,1,No
U1273,30,Freelancer,Twitter,0.7597001253516196,Networking,1,No
U1274,36,Student,LinkedIn,1.9834719714996205,Learning,10,Yes
U1275,42,Researcher,Twitter,3.2576951377800807,Networking,6,Yes
U1276,36,Student,Instagram,1.7252298627022324,Entertainment,4,No
U1277,15,Professional,Twitter,2.141617042102377,Learning,5,No
U1278,32,Freelancer,LinkedIn,2.1822210792977983,Entertainment,2,No
U1279,34,Student,Reddit,5.769425675926666,Learning,2,No
U1280,18,Student,Reddit,3.039378616941044,Entertainment,3,No
U1281,25,Freelancer,Instagram,2.416278521739601,Learning,6,No
U1282,33,Student,Reddit,5.307075881059133,Learning,5,No
U1283,18,Student,Reddit,3.4410333636676933,Entertainment,4,No
U1284,27,Freelancer,Instagram,3.88436657365876,Learning,5,No
U1285,37,Student,Instagram,2.196898649108126,Entertainment,3,No
U1286,35,Professional,YouTube,0.23616371032719496,Entertainment,2,No
U1287,13,Professional,YouTube,2.6605583029246214,Learning,3,No
U1288,31,Teacher,Instagram,2.622578985592161,Learning,9,Yes
U1289,35,Freelancer,YouTube,3.4755514082629473,Entertainment,8,Yes
U1290,37,Student,YouTube,0.1,Entertainment,4,No
U1291,42,Freelancer,LinkedIn,1.373797774711265,Learning,7,Yes
U1292,46,Professional,YouTube,5.152052758127746,Learning,3,No
U1293,40,Teacher,Instagram,2.42344585776736,Learning,10,Yes
U1294,22,Researcher,Instagram,3.368997995316984,Learning,3,No
U1295,38,Professional,YouTube,4.775724638529043,Learning,6,No
U1296,40,Freelancer,LinkedIn,1.216746489815974,Learning,7,Yes
U1297,35,Freelancer,YouTube,2.6480642065866404,Entertainment,6,Yes
U1298,21,Professional,Twitter,1.737767005935223,Learning,2,No
U1299,31,Freelancer,Twitter,1.581444384254099,Networking,1,No
U1300,27,Student,LinkedIn,0.763003459085348,Entertainment,7,Yes
U1301,24,Student,Instagram,0.778308010312491,Networking,8,Yes
U1302,28,Teacher,YouTube,1.6500809018625597,Learning,8,Yes
U1303,25,Student,Instagram,1.8520682947865035,Networking,7,Yes
U1304,37,Student,YouTube,1.6129794576810317,Entertainment,3,No
U1305,37,Student,LinkedIn,2.009390116724067,Learning,2,No
U1306,28,Student,LinkedIn,0.8204773947999744,Entertainment,4,Yes
U1307,39,Student,YouTube,2.5478122443735476,Learning,6,No
U1308,42,Professional,YouTube,0.4416787252896044,Entertainment,5,No
U1309,24,Student,Reddit,3.9384672130591376,Entertainment,4,No
U1310,25,Freelancer,Instagram,0.9161102243660325,Learning,6,No
U1311,39,Freelancer,LinkedIn,3.908387781881314,Learning,9,Yes
U1312,29,Student,Instagram,0.1,Entertainment,8,Yes
U1313,33,Student,LinkedIn,1.805566586630652,Learning,7,Yes
U1314,20,Researcher,Reddit,0.1813687844751498,Entertainment,3,No
U1315,40,Researcher,Twitter,2.496062369662091,Networking,4,Yes
U1316,36,Researcher,Reddit,0.5304386484255108,Entertainment,1,No
U1317,14,Teacher,Twitter,0.7258656025374615,Learning,8,Yes
U1318,36,Researcher,Reddit,4.416666955890154,Networking,4,No
U1319,30,Teacher,Twitter,3.3475686034687397,Networking,5,No
U1320,22,Professional,LinkedIn,3.6102707135069334,Learning,2,No
U1321,44,Researcher,Reddit,4.608979576152779,Networking,5,No
U1322,22,Teacher,Twitter,0.243401817743302,Networking,9,Yes
U1323,20,Student,Instagram,0.5410405546261992,Networking,6,Yes
U1324,36,Teacher,YouTube,0.8847376874098746,Networking,1,No
U1325,37,Professional,YouTube,1.789862604180355,Entertainment,5,No
U1326,20,Teacher,Twitter,1.197053815476679,Entertainment,8,Yes
U1327,46,Freelancer,LinkedIn,1.1343928526962006,Learning,10,Yes
U1328,32,Student,LinkedIn,2.34193832559402,Learning,8,Yes
U1329,28,Freelancer,Instagram,3.1488539250817884,Learning,3,No
U1330,42,Researcher,Twitter,3.140679755221474,Entertainment,3,No
U1331,20,Professional,Instagram,1.104303653850884,Learning,9,Yes
U1332,38,Teacher,Twitter,0.846095764430558,Learning,8,Yes
U1333,24,Researcher,Reddit,0.18070710077638447,Entertainment,3,No
U1334,38,Researcher,Reddit,3.5566595388582716,Networking,4,No
U1335,42,Professional,YouTube,3.567408668172955,Learning,10,Yes
U1336,17,Professional,Twitter,2.814490251244531,Learning,4,No
U1337,40,Professional,YouTube,3.9813461264856023,Learning,3,No
U1338,31,Freelancer,LinkedIn,2.7291933517757423,Entertainment,4,No
U1339,33,Professional,YouTube,0.15648649069896559,Entertainment,1,No
U1340,14,Student,Instagram,2.3076911346714004,Entertainment,6,Yes
U1341,28,Freelancer,Reddit,1.184470533564549,Learning,6,No
U1342,40,Teacher,YouTube,3.5451582915090833,Learning,6,No
U1343,50,Freelancer,LinkedIn,0.931746812605202,Learning,9,Yes
U1344,22,Researcher,Reddit,1.6661102217655568,Entertainment,5,No
U1345,41,Researcher,Twitter,2.9460963641631865,Networking,4,Yes
U1346,33,Student,YouTube,0.7063354907968127,Entertainment,7,No
U1347,26,Teacher,YouTube,1.2808843833375139,Entertainment,4,No
U1348,35,Student,LinkedIn,1.3396499236824668,Learning,10,Yes
U1349,22,Professional,LinkedIn,0.29656741107141227,Networking,6,Yes
U1350,37,Researcher,YouTube,4.328843293026775,Networking,1,No
U1351,24,Researcher,Instagram,2.0262475786373826,Learning,3,No
U1352,27,Freelancer,Instagram,3.450134911924185,Learning,4,No
U1353,31,Student,Twitter,4.53687607174129,Entertainment,4,No
U1354,27,Teacher,LinkedIn,2.794168889104224,Entertainment,1,No
U1355,43,Teacher,Reddit,1.4074890941435683,Learning,6,No
U1356,33,Teacher,Instagram,1.9914944923704643,Learning,10,Yes
U1357,34,Teacher,Instagram,1.8706285700437317,Learning,8,Yes
U1358,25,Teacher,Twitter,0.1,Entertainment,10,Yes
U1359,18,Professional,YouTube,3.1841036083158683,Learning,2,No
U1360,27,Teacher,YouTube,2.5076982527281437,Entertainment,3,No
U1361,36,Researcher,Reddit,4.254134319837295,Learning,8,Yes
U1362,40,Teacher,Instagram,3.763118853218163,Learning,10,Yes
U1363,20,Teacher,Twitter,0.1,Learning,5,Yes
U1364,40,Teacher,LinkedIn,5.662348324880554,Learning,7,Yes
U1365,26,Researcher,Instagram,3.256276240299822,Learning,5,No
U1366,18,Freelancer,Reddit,1.7436644522015048,Entertainment,3,No
U1367,25,Teacher,Instagram,2.177243877349379,Learning,10,Yes
U1368,23,Researcher,Reddit,2.687881833300978,Learning,8,Yes
U1369,21,Teacher,Instagram,4.215083535880621,Learning,9,Yes
U1370,24,Teacher,Instagram,3.7647543677865047,Learning,4,Yes
U1371,47,Researcher,Twitter,2.0414131516641603,Networking,7,Yes
U1372,20,Student,Instagram,1.7752895837608826,Learning,6,Yes
U1373,25,Student,Reddit,2.991902797557373,Entertainment,4,No
U1374,38,Professional,YouTube,0.6349653304798211,Entertainment,1,No
U1375,27,Freelancer,Reddit,1.5749935710020933,Networking,1,No
U1376,29,Professional,YouTube,2.628574608431286,Learning,6,Yes
U1377,36,Student,LinkedIn,1.8323324564918886,Learning,7,Yes
U1378,48,Freelancer,Instagram,3.2792268091048102,Networking,6,No
U1379,34,Student,YouTube,0.4345218621422634,Entertainment,3,No
U1380,30,Freelancer,Reddit,1.8789609249618098,Entertainment,1,No
U1381,49,Freelancer,LinkedIn,1.742753869395102,Learning,8,Yes
U1382,37,Researcher,Reddit,4.924304416648206,Learning,10,Yes
U1383,28,Freelancer,Instagram,4.712218027250392,Entertainment,5,No
U1384,32,Teacher,YouTube,2.134327402378953,Learning,9,Yes
U1385,39,Researcher,Instagram,3.349033769769472,Entertainment,6,Yes
U1386,29,Teacher,Instagram,2.8479358909315073,Learning,10,Yes
U1387,14,Teacher,Twitter,0.6405838061956348,Learning,6,Yes
U1388,42,Freelancer,Instagram,3.4725026564386408,Networking,5,No
U1389,38,Teacher,YouTube,4.502651351941659,Learning,10,Yes
U1390,27,Professional,YouTube,1.967905911445751,Learning,10,Yes
U1391,31,Researcher,YouTube,2.5458762422241863,Entertainment,1,No
U1392,38,Student,YouTube,2.5261201982133388,Learning,6,No
U1393,23,Freelancer,Instagram,3.641885478439021,Learning,7,No
U1394,25,Student,Instagram,0.7073565915852631,Entertainment,7,Yes
U1395,25,Student,LinkedIn,1.6890590287810923,Entertainment,7,Yes
U1396,27,Freelancer,LinkedIn,3.9927248428076094,Networking,6,No
U1397,24,Professional,LinkedIn,1.0345772962484483,Networking,6,Yes
U1398,41,Researcher,Reddit,0.9722302369880647,Networking,7,Yes
U1399,39,Teacher,YouTube,4.055379585885838,Learning,10,Yes
U1400,44,Freelancer,LinkedIn,1.8776502791188763,Learning,10,Yes
U1401,44,Freelancer,Instagram,5.038023396264896,Entertainment,7,Yes
U1402,26,Professional,YouTube,4.336335337875491,Networking,3,No
U1403,25,Teacher,Instagram,4.198009687015385,Learning,9,Yes
U1404,33,Teacher,Twitter,3.7852256723198265,Networking,4,No
U1405,21,Freelancer,YouTube,1.880257918737283,Entertainment,6,Yes
U1406,20,Professional,LinkedIn,3.3037644469695637,Learning,6,No
U1407,49,Professional,Twitter,3.198285255289724,Networking,2,No
U1408,28,Freelancer,Reddit,1.266752310385901,Entertainment,4,No
U1409,17,Teacher,Instagram,3.920239897600412,Learning,7,Yes
U1410,45,Teacher,Twitter,1.4047484470010942,Learning,9,Yes
U1411,24,Researcher,Instagram,3.5620285141107804,Learning,6,No
U1412,45,Teacher,Reddit,1.0261543050921664,Learning,4,No
U1413,36,Freelancer,LinkedIn,3.0426047248169503,Networking,1,No
U1414,19,Professional,LinkedIn,0.1,Networking,5,Yes
U1415,26,Teacher,Twitter,3.3065519209190075,Learning,4,No
U1416,17,Teacher,Twitter,0.18476337814242993,Learning,5,Yes
U1417,38,Student,LinkedIn,5.202997258273408,Learning,2,No
U1418,15,Professional,Instagram,1.2887036763822557,Learning,9,Yes
U1419,37,Professional,YouTube,1.4333354909830405,Entertainment,2,No
U1420,39,Teacher,YouTube,5.360503113579689,Learning,10,Yes
U1421,27,Freelancer,LinkedIn,2.5255417395875814,Networking,1,No
U1422,19,Student,Instagram,2.373681598957779,Learning,6,No
U1423,25,Student,LinkedIn,1.3660957821301924,Entertainment,4,Yes
U1424,16,Professional,YouTube,2.6817223563905266,Learning,5,No
U1425,42,Freelancer,LinkedIn,1.967810073591472,Learning,6,Yes
U1426,40,Freelancer,LinkedIn,3.246853243794183,Learning,9,Yes
U1427,19,Professional,Twitter,1.7877429192361634,Learning,5,No
U1428,37,Freelancer,LinkedIn,2.69570513838015,Networking,2,No
U1429,21,Student,Instagram,2.3355111459679927,Entertainment,5,Yes
U1430,36,Researcher,Reddit,1.1717211786198736,Entertainment,3,No
U1431,31,Researcher,Instagram,4.611541533547663,Learning,6,Yes
U1432,21,Professional,YouTube,3.470572799815084,Networking,6,No
U1433,42,Researcher,Reddit,1.3762524841784398,Networking,8,Yes
U1434,36,Teacher,Instagram,3.21482431679316,Entertainment,2,No
U1435,27,Researcher,Instagram,2.4896983497257414,Learning,4,No
U1436,24,Freelancer,Instagram,3.835028679195711,Learning,5,No
U1437,23,Researcher,Reddit,0.1,Entertainment,7,No
U1438,21,Researcher,Instagram,3.365682976957266,Learning,5,No
U1439,35,Researcher,Instagram,2.6158424805835945,Entertainment,6,Yes
U1440,30,Freelancer,Instagram,2.393637999615404,Learning,5,Yes
U1441,42,Teacher,Twitter,1.955681361087361,Learning,6,Yes
U1442,21,Teacher,Instagram,3.6528768956357403,Learning,8,Yes
U1443,43,Freelancer,Instagram,3.3318533388273344,Entertainment,8,Yes
U1444,24,Student,Instagram,0.4768420112671321,Networking,8,Yes
U1445,19,Freelancer,Reddit,2.0717396893350464,Networking,1,No
U1446,24,Professional,LinkedIn,3.599905216859357,Learning,6,No
U1447,26,Researcher,YouTube,2.632010040666835,Entertainment,1,No
U1448,20,Student,Instagram,2.1361767500533837,Learning,4,No
U1449,30,Teacher,YouTube,2.1662460513899013,Learning,10,Yes
U1450,37,Student,LinkedIn,1.0443618314125116,Learning,2,No
U1451,34,Freelancer,LinkedIn,2.9725562818858515,Learning,7,Yes
U1452,34,Professional,Instagram,0.6199768523602682,Entertainment,5,No
U1453,29,Student,LinkedIn,2.3386455332021376,Learning,8,Yes
U1454,39,Student,LinkedIn,4.646686187138325,Learning,4,No
U1455,36,Freelancer,YouTube,3.7348981376630377,Learning,7,Yes
U1456,28,Freelancer,LinkedIn,4.205838337789211,Networking,1,No
U1457,34,Freelancer,Instagram,5.258197027626786,Learning,7,Yes
U1458,47,Teacher,Twitter,1.3010591601962418,Learning,6,Yes
U1459,17,Teacher,Twitter,1.1360184306418724,Entertainment,6,Yes
U1460,30,Researcher,YouTube,4.693895515049424,Networking,8,Yes
U1461,24,Teacher,Twitter,0.6240407699888824,Entertainment,7,Yes
U1462,25,Teacher,Twitter,3.4387402592594314,Learning,2,No
U1463,40,Teacher,YouTube,4.628876270071375,Learning,10,Yes
U1464,40,Professional,YouTube,2.6791197122591877,Learning,9,Yes
U1465,29,Teacher,YouTube,4.767088208622448,Learning,8,Yes
U1466,41,Researcher,YouTube,4.022370475587625,Networking,1,No
U1467,23,Teacher,Twitter,0.1,Learning,6,Yes
U1468,35,Researcher,Instagram,3.569807494610249,Learning,6,Yes
U1469,33,Freelancer,Reddit,0.9931972332891779,Learning,6,No
U1470,31,Freelancer,Instagram,2.343843828670095,Learning,5,Yes
U1471,22,Teacher,Twitter,1.3782765622668791,Entertainment,10,Yes
U1472,40,Teacher,Twitter,0.3322592154500543,Learning,5,Yes
U1473,23,Researcher,Reddit,3.1430181447088184,Learning,10,Yes
U1474,31,Freelancer,Twitter,0.1,Networking,3,No
U1475,37,Student,YouTube,2.9413455269435365,Learning,6,No
U1476,35,Teacher,YouTube,4.26443767409106,Learning,9,Yes
U1477,39,Researcher,Reddit,4.253181905630415,Networking,7,No
U1478,35,Researcher,Reddit,4.962898323771094,Networking,4,No
U1479,33,Student,LinkedIn,1.456418215707875,Learning,6,Yes
U1480,39,Freelancer,Instagram,3.901440907443504,Entertainment,8,Yes
U1481,24,Professional,Instagram,0.6082003368269976,Learning,7,Yes
U1482,31,Freelancer,Reddit,2.0191894255096585,Entertainment,5,No
U1483,40,Researcher,Twitter,2.0403269622615787,Networking,6,Yes
U1484,28,Professional,YouTube,2.7839222009447155,Learning,5,No
U1485,26,Student,Instagram,0.6744205707955007,Networking,9,Yes
U1486,31,Student,Twitter,5.07587039995546,Entertainment,6,No
U1487,29,Teacher,Twitter,4.500130874869415,Networking,4,No
U1488,14,Professional,Instagram,0.6684193189573006,Learning,5,Yes
U1489,29,Freelancer,Instagram,4.594286696441999,Entertainment,2,No
U1490,41,Professional,Twitter,3.2769503671278737,Networking,3,No
U1491,42,Student,Instagram,1.0651291501522897,Entertainment,1,No
U1492,35,Freelancer,LinkedIn,3.6057396124084953,Learning,7,Yes
U1493,26,Freelancer,Instagram,4.595211944962529,Learning,7,Yes
U1494,30,Teacher,Instagram,2.4246093606425174,Learning,10,Yes
U1495,44,Freelancer,LinkedIn,1.1450966534045586,Learning,7,Yes
U1496,35,Teacher,LinkedIn,4.81722050585292,Learning,7,Yes
U1497,37,Teacher,YouTube,0.1,Networking,3,No
U1498,47,Freelancer,LinkedIn,1.0708757938330757,Learning,10,Yes
U1499,23,Professional,Twitter,2.426754356277234,Learning,4,No
U1500,24,Freelancer,Instagram,0.9088529828726601,Learning,6,Yes
U1501,45,Teacher,YouTube,4.0294921107947985,Learning,2,No
U1502,33,Freelancer,Instagram,1.6234362504013489,Learning,7,Yes
U1503,26,Student,Instagram,0.7287253995711176,Networking,10,Yes
U1504,21,Professional,YouTube,2.8852318854982855,Learning,3,No
U1505,35,Freelancer,Instagram,4.018633717357694,Learning,7,Yes
U1506,48,Teacher,Reddit,1.4966943601519769,Learning,7,No
U1507,24,Freelancer,Reddit,1.9051080847946114,Entertainment,5,No
U1508,33,Teacher,YouTube,4.578486480484217,Learning,8,Yes
U1509,36,Freelancer,Twitter,0.5067343652180323,Networking,1,No
U1510,48,Teacher,Reddit,2.0121082021453964,Entertainment,1,No
U1511,21,Teacher,Twitter,3.757304895318309,Learning,1,No
U1512,21,Teacher,Twitter,0.1,Entertainment,8,Yes
U1513,49,Professional,YouTube,3.879537032477949,Learning,9,Yes
U1514,26,Freelancer,Instagram,1.331872630659464,Learning,4,No
U1515,17,Teacher,YouTube,1.3127449666201152,Learning,2,No
U1516,23,Student,Reddit,3.798623461822614,Entertainment,5,No
U1517,38,Freelancer,Twitter,0.11416315138476707,Networking,3,No
U1518,19,Teacher,Twitter,3.0452794987862264,Learning,1,No
U1519,24,Teacher,Twitter,3.2557256520621474,Learning,2,No
U1520,24,Teacher,Twitter,3.508123239437786,Networking,4,No
U1521,48,Teacher,Twitter,1.8674682879184044,Learning,4,Yes
U1522,45,Teacher,Reddit,1.1716139530866037,Learning,6,No
U1523,20,Freelancer,Reddit,1.5222266102565667,Networking,4,No
U1524,29,Teacher,LinkedIn,2.2021945158014886,Entertainment,2,No
U1525,41,Student,LinkedIn,0.2989252369619556,Learning,2,No
U1526,19,Teacher,Twitter,3.202159644121868,Learning,5,No
U1527,33,Teacher,YouTube,1.1587266306250876,Networking,3,No
U1528,43,Teacher,YouTube,4.333569797808744,Learning,9,Yes
U1529,29,Teacher,YouTube,2.353306570550026,Entertainment,5,No
U1530,38,Teacher,YouTube,0.7353339437758146,Networking,1,No
U1531,28,Professional,YouTube,3.4427648454096165,Learning,3,No
U1532,30,Freelancer,Instagram,1.5607966056696192,Learning,6,Yes
U1533,32,Freelancer,Twitter,1.677466535823621,Networking,2,No
U1534,32,Student,LinkedIn,2.109200815391719,Learning,8,Yes
U1535,42,Professional,YouTube,3.4126320586237746,Learning,8,Yes
U1536,34,Freelancer,Twitter,1.1463613775584298,Networking,1,No
U1537,23,Teacher,YouTube,0.4653347517266505,Learning,2,No
U1538,29,Teacher,Twitter,1.6512573290648027,Entertainment,6,Yes
U1539,37,Researcher,Instagram,4.101164398211401,Learning,8,Yes
U1540,44,Teacher,Twitter,1.8159284495445545,Learning,6,Yes
U1541,25,Freelancer,Reddit,1.4334835022380052,Networking,1,No
U1542,19,Researcher,Reddit,2.9090309612789125,Entertainment,3,No
U1543,35,Professional,YouTube,4.5875777470173915,Learning,5,No
U1544,27,Professional,Twitter,5.27652004292618,Networking,9,Yes
U1545,34,Teacher,Instagram,1.917012227176574,Learning,8,Yes
U1546,28,Student,Twitter,4.675735690962775,Entertainment,4,No
U1547,29,Professional,YouTube,4.200265829236937,Networking,3,No
U1548,30,Professional,Reddit,3.4701799349240234,Networking,5,No
U1549,13,Teacher,YouTube,0.11646514820642395,Learning,6,No
U1550,39,Teacher,Instagram,2.9414067691464987,Entertainment,1,No
U1551,27,Freelancer,Instagram,4.407077123903626,Learning,9,Yes
U1552,40,Researcher,Reddit,1.8549994915827774,Learning,8,Yes
U1553,26,Freelancer,Reddit,1.171705755550052,Learning,4,No
U1554,35,Researcher,Reddit,2.3094853948968317,Entertainment,6,No
U1555,16,Professional,LinkedIn,2.5244490679806875,Learning,3,No
U1556,44,Researcher,Reddit,4.37179396825258,Networking,3,No
U1557,21,Professional,Twitter,1.291010387306423,Learning,2,No
U1558,20,Professional,LinkedIn,0.9798561477420842,Networking,5,Yes
U1559,34,Teacher,YouTube,0.9527706427789986,Networking,1,No
U1560,33,Freelancer,Instagram,1.609804986012059,Learning,6,Yes
U1561,25,Teacher,Twitter,0.1,Networking,5,Yes
U1562,24,Teacher,Instagram,5.139732465828875,Learning,10,Yes
U1563,19,Teacher,Twitter,1.0208623320294257,Networking,7,Yes
U1564,25,Freelancer,LinkedIn,1.3917721515059438,Learning,10,Yes
U1565,34,Researcher,YouTube,4.735241376568279,Networking,7,Yes
U1566,44,Teacher,YouTube,4.289928642647566,Learning,4,No
U1567,21,Researcher,Reddit,1.6465537160063255,Entertainment,4,No
U1568,30,Researcher,Reddit,3.3277778295103557,Learning,8,Yes
U1569,42,Researcher,Reddit,5.12474044716196,Networking,6,No
U1570,27,Professional,YouTube,4.135305279989593,Networking,2,No
U1571,37,Researcher,Reddit,3.635198765096295,Networking,5,No
U1572,42,Freelancer,Instagram,3.2807086586365517,Networking,2,No
U1573,21,Professional,YouTube,2.953429228120676,Networking,6,No
U1574,34,Researcher,Reddit,1.9861951555878379,Learning,7,Yes
U1575,42,Freelancer,LinkedIn,1.6253017064312694,Learning,10,Yes
U1576,47,Researcher,Twitter,1.8650918302339177,Networking,6,Yes
U1577,29,Teacher,YouTube,4.419108078043818,Learning,10,Yes
U1578,22,Teacher,Twitter,0.35843055162811643,Networking,7,Yes
U1579,35,Researcher,Reddit,3.8495701264295867,Networking,7,No
U1580,18,Student,Instagram,1.9952615322905976,Entertainment,7,Yes
U1581,32,Professional,Instagram,1.294489364676092,Entertainment,4,No
U1582,17,Student,Instagram,1.625736804470256,Learning,5,No
U1583,18,Professional,Instagram,0.8028654340107404,Learning,7,Yes
U1584,44,Professional,Instagram,3.722104249920818,Learning,5,No
U1585,20,Teacher,YouTube,2.9243535632082818,Entertainment,6,No
U1586,37,Student,LinkedIn,5.427703556544147,Learning,3,No
U1587,40,Researcher,Twitter,2.5582192580767313,Entertainment,6,No
U1588,27,Freelancer,Reddit,0.8939165414225896,Learning,6,No
U1589,40,Teacher,LinkedIn,5.045603832705998,Learning,7,Yes
U1590,33,Professional,YouTube,1.820985310126507,Learning,9,Yes
U1591,37,Teacher,YouTube,4.430301399668383,Learning,10,Yes
U1592,28,Professional,Instagram,1.469826575862336,Entertainment,3,No
U1593,27,Student,Instagram,0.1,Networking,10,Yes
U1594,35,Freelancer,LinkedIn,2.2591511624263347,Learning,10,Yes
U1595,39,Teacher,YouTube,4.5363402621646705,Learning,8,Yes
U1596,30,Teacher,Twitter,3.69425342771891,Networking,6,No
U1597,46,Freelancer,Instagram,2.6553829228892756,Entertainment,7,Yes
U1598,40,Freelancer,Twitter,0.7812146775102594,Networking,1,No
U1599,31,Freelancer,Twitter,0.1,Networking,3,No
U1600,27,Student,Instagram,2.147469113726618,Learning,7,Yes
U1601,27,Student,LinkedIn,0.9206628161353092,Entertainment,5,Yes
U1602,33,Freelancer,Twitter,1.0215010652236876,Networking,3,No
U1603,24,Student,YouTube,2.0757748852870215,Entertainment,6,No
U1604,41,Freelancer,LinkedIn,3.2894187712198497,Learning,7,Yes
U1605,25,Freelancer,Reddit,1.8367359495176143,Entertainment,5,No
U1606,30,Professional,Twitter,4.866179454550603,Networking,7,Yes
U1607,42,Teacher,Twitter,1.923385387608247,Learning,5,Yes
U1608,41,Teacher,YouTube,2.9363862898242523,Learning,6,No
U1609,33,Student,LinkedIn,2.0504528498793655,Learning,8,Yes
U1610,49,Researcher,Twitter,2.498589672108019,Networking,5,Yes
U1611,34,Professional,Instagram,1.3161314753170779,Entertainment,4,No
U1612,20,Freelancer,Reddit,2.035022093684101,Networking,4,No
U1613,31,Teacher,Twitter,3.5461870525889867,Networking,4,No
U1614,39,Teacher,Instagram,3.143913067911978,Entertainment,1,No
U1615,42,Researcher,Reddit,3.944667315721335,Networking,7,No
U1616,29,Freelancer,YouTube,3.051678886342396,Entertainment,6,Yes
U1617,44,Freelancer,Instagram,5.020991847726063,Entertainment,6,Yes
U1618,28,Freelancer,YouTube,4.115396399776277,Learning,4,Yes
U1619,37,Freelancer,LinkedIn,0.14650589033917938,Learning,10,Yes
U1620,26,Student,LinkedIn,0.712588971689097,Entertainment,7,Yes
U1621,37,Researcher,YouTube,3.5807280895780136,Networking,1,No
U1622,25,Teacher,Instagram,3.6843620922695273,Learning,8,Yes
U1623,29,Freelancer,Reddit,0.5812866808887137,Learning,7,No
U1624,39,Researcher,Twitter,2.854704235916485,Entertainment,4,No
U1625,26,Freelancer,YouTube,4.964320414124115,Learning,5,Yes
U1626,29,Professional,YouTube,3.75659223693249,Networking,2,No
U1627,33,Teacher,Instagram,1.4967483058921303,Learning,10,Yes
U1628,34,Teacher,Instagram,2.0279520975853513,Learning,10,Yes
U1629,40,Teacher,Instagram,1.5704548448905042,Learning,10,Yes
U1630,14,Professional,Instagram,0.5526998154184277,Learning,9,Yes
U1631,49,Freelancer,Instagram,2.122818665883508,Entertainment,7,Yes
U1632,44,Student,Instagram,1.1240855966241403,Entertainment,3,No
U1633,17,Professional,LinkedIn,3.3050381467202774,Learning,4,No
U1634,31,Freelancer,LinkedIn,2.579026744960066,Entertainment,6,No
U1635,20,Professional,LinkedIn,0.5516881649925551,Networking,4,Yes
U1636,13,Professional,YouTube,2.5920165360263203,Learning,3,No
U1637,47,Professional,YouTube,2.8271269696516095,Learning,8,Yes
U1638,35,Researcher,Twitter,3.104123095842484,Entertainment,4,No
U1639,31,Researcher,Reddit,0.14143404002670756,Entertainment,1,No
U1640,43,Freelancer,Instagram,3.488013956921738,Networking,4,No
U1641,23,Teacher,Instagram,3.0988914905366376,Learning,7,Yes
U1642,27,Professional,LinkedIn,0.2237823813234825,Networking,5,Yes
U1643,34,Researcher,Reddit,0.9666074046921614,Entertainment,6,No
U1644,17,Student,Instagram,2.3492989265571818,Entertainment,5,Yes
U1645,25,Teacher,Instagram,4.98765622923899,Learning,10,Yes
U1646,21,Researcher,Instagram,3.657814044221978,Learning,6,No
U1647,49,Teacher,Reddit,2.3892110560140174,Entertainment,1,No
U1648,31,Teacher,Twitter,4.161071272966968,Networking,3,No
U1649,26,Professional,LinkedIn,0.1,Networking,7,Yes
U1650,31,Researcher,Instagram,3.134605387836221,Entertainment,8,Yes
U1651,29,Professional,LinkedIn,0.20990043544126863,Networking,8,Yes
U1652,34,Teacher,LinkedIn,2.7652874520195203,Entertainment,1,No
U1653,15,Teacher,Twitter,0.4016056767868442,Learning,8,Yes
U1654,21,Freelancer,YouTube,3.1468488446945555,Entertainment,6,Yes
U1655,23,Teacher,Twitter,1.2464769350543847,Entertainment,7,Yes
U1656,36,Freelancer,YouTube,5.614810100858044,Networking,5,Yes
U1657,30,Freelancer,Instagram,3.4951567036852516,Learning,6,No
U1658,36,Student,LinkedIn,2.756161079790081,Learning,8,Yes
U1659,46,Freelancer,Instagram,4.2408259182694215,Networking,2,No
U1660,34,Teacher,LinkedIn,4.491179161533151,Learning,4,Yes
U1661,47,Teacher,YouTube,3.2324798762338203,Learning,3,No
U1662,30,Teacher,YouTube,1.459994983046118,Entertainment,3,No
U1663,15,Student,Instagram,2.956356014430666,Entertainment,9,Yes
U1664,21,Student,Instagram,1.6584248959707082,Entertainment,9,Yes
U1665,27,Teacher,Twitter,0.6138404735310387,Entertainment,5,Yes
U1666,31,Professional,Instagram,1.3186565935194805,Entertainment,5,No
U1667,43,Teacher,YouTube,4.592587768414957,Learning,10,Yes
U1668,18,Professional,Instagram,1.112722432092086,Learning,9,Yes
U1669,30,Freelancer,LinkedIn,1.2111449279004272,Learning,8,Yes
U1670,20,Teacher,Twitter,1.1394329066566966,Networking,7,Yes
U1671,32,Professional,Twitter,4.523841809630602,Networking,8,Yes
U1672,33,Student,LinkedIn,4.261502430770734,Learning,2,No
U1673,32,Teacher,YouTube,4.613670277364588,Learning,7,Yes
U1674,28,Researcher,Instagram,4.415095905931305,Learning,6,Yes
U1675,40,Teacher,Reddit,2.3501992941975316,Entertainment,1,No
U1676,29,Teacher,Twitter,1.025612659659254,Entertainment,6,Yes
U1677,23,Freelancer,LinkedIn,1.691746833444964,Learning,8,Yes
U1678,38,Teacher,YouTube,4.010979566311809,Learning,7,Yes
U1679,19,Teacher,Twitter,4.233612055775568,Learning,3,No
U1680,35,Teacher,YouTube,5.761619310856129,Learning,7,Yes
U1681,40,Researcher,Twitter,3.167810998622873,Entertainment,4,No
U1682,29,Teacher,YouTube,5.89089945438553,Learning,9,Yes
U1683,26,Freelancer,LinkedIn,2.6716883961611133,Networking,3,No
U1684,34,Professional,Instagram,0.8377759318686742,Entertainment,5,No
U1685,32,Researcher,Reddit,0.8323482696590239,Networking,8,Yes
U1686,25,Teacher,YouTube,2.7607396618786715,Entertainment,3,No
U1687,46,Teacher,Reddit,1.0749296301989273,Learning,7,No
U1688,21,Teacher,Twitter,0.8787475746687428,Networking,7,Yes
U1689,33,Freelancer,YouTube,4.985268071998356,Learning,8,Yes
U1690,19,Freelancer,Reddit,2.1476014500419995,Networking,3,No
U1691,50,Freelancer,LinkedIn,1.5418755118307506,Learning,9,Yes
U1692,46,Professional,Instagram,3.606063329549625,Learning,6,No
U1693,36,Teacher,YouTube,1.3765745169373178,Learning,10,Yes
U1694,44,Researcher,Reddit,4.924809452648333,Networking,3,No
U1695,44,Professional,Instagram,4.489674501952666,Learning,3,No
U1696,32,Teacher,YouTube,1.780490240311228,Learning,8,Yes
U1697,26,Student,Instagram,1.2910452271170547,Learning,3,No
U1698,26,Freelancer,Instagram,0.38709606344431147,Learning,6,Yes
U1699,47,Teacher,Twitter,0.9645737906577806,Learning,7,Yes
U1700,42,Teacher,YouTube,4.955709543569862,Learning,6,No
U1701,40,Researcher,Reddit,3.6597722144987666,Networking,3,No
U1702,31,Freelancer,LinkedIn,3.0947399106105404,Networking,4,No
U1703,39,Student,LinkedIn,2.903721986597599,Learning,10,Yes
U1704,26,Student,Instagram,0.8725386659988538,Learning,4,No
U1705,40,Professional,YouTube,1.2923552373905416,Entertainment,3,No
U1706,18,Teacher,Instagram,4.068957768755328,Learning,7,Yes
U1707,42,Professional,Instagram,4.106249660953625,Learning,2,No
U1708,28,Freelancer,Reddit,3.234201527833384,Networking,3,No
U1709,45,Researcher,Reddit,3.165700370560902,Learning,7,Yes
U1710,25,Professional,Twitter,2.72936426494194,Learning,2,No
U1711,25,Teacher,Instagram,4.413599131301768,Learning,10,Yes
U1712,24,Freelancer,Reddit,1.9859600774183377,Entertainment,3,No
U1713,30,Teacher,YouTube,4.820653575849622,Learning,10,Yes
U1714,33,Teacher,LinkedIn,4.433421901445001,Learning,8,Yes
U1715,23,Freelancer,Instagram,3.8144981962296702,Learning,5,No
U1716,29,Freelancer,Instagram,0.4710492743008563,Learning,8,Yes
U1717,22,Teacher,Instagram,4.801623750285697,Learning,10,Yes
U1718,30,Teacher,YouTube,2.549079232995263,Entertainment,3,No
U1719,32,Professional,YouTube,1.5193300843215511,Entertainment,4,No
U1720,26,Researcher,Reddit,1.129059162543575,Entertainment,5,No
U1721,17,Student,Reddit,3.3838099201048557,Entertainment,2,No
U1722,35,Professional,YouTube,4.2740447098991385,Learning,3,No
U1723,22,Student,YouTube,1.159465831669354,Entertainment,6,No
U1724,46,Teacher,Reddit,1.2438896181754746,Learning,6,No
U1725,21,Professional,LinkedIn,1.1933673100886655,Networking,4,Yes
U1726,41,Researcher,Reddit,4.718167702852989,Learning,10,Yes
U1727,25,Researcher,YouTube,2.380944781843973,Entertainment,2,No
U1728,23,Student,Reddit,3.223001373626637,Entertainment,4,No
U1729,40,Student,YouTube,0.347692812503117,Entertainment,6,No
U1730,37,Freelancer,YouTube,4.0863784226337225,Entertainment,6,Yes
U1731,25,Teacher,Instagram,2.5327084118458894,Learning,10,Yes
U1732,22,Freelancer,Reddit,2.570608718231875,Entertainment,7,No
U1733,42,Professional,YouTube,3.8608384614101303,Learning,5,No
U1734,36,Researcher,YouTube,3.910996050490891,Networking,1,No
U1735,32,Researcher,Reddit,0.9157229612627862,Entertainment,2,No
U1736,29,Researcher,Reddit,2.0232447688628854,Entertainment,7,No
U1737,32,Student,LinkedIn,1.992166181226184,Learning,4,Yes
U1738,41,Teacher,Twitter,0.5635194547731498,Learning,6,Yes
U1739,35,Student,Instagram,1.0407037644617856,Entertainment,4,Yes
U1740,31,Student,LinkedIn,2.460567681272791,Learning,5,Yes
U1741,45,Freelancer,LinkedIn,0.9418629497181374,Learning,6,Yes
U1742,37,Professional,YouTube,4.977721400552747,Learning,4,No
U1743,37,Teacher,YouTube,5.585099354598302,Learning,10,Yes
U1744,42,Professional,YouTube,4.367148248623896,Learning,2,No
U1745,36,Professional,Instagram,4.139798931188018,Learning,2,No
U1746,18,Teacher,Twitter,1.2770288855579537,Learning,5,Yes
U1747,38,Teacher,YouTube,4.169148464871871,Learning,7,Yes
U1748,34,Professional,Twitter,5.015015739582041,Networking,7,Yes
U1749,25,Professional,Twitter,1.12380822769541,Learning,5,No
U1750,31,Teacher,LinkedIn,5.238227822751467,Learning,8,Yes
U1751,30,Researcher,Reddit,0.1,Entertainment,1,No
U1752,26,Teacher,Twitter,4.651709914214499,Networking,5,No
U1753,25,Professional,LinkedIn,3.3349399530167747,Learning,4,No
U1754,23,Freelancer,LinkedIn,0.9941665090344116,Learning,8,Yes
U1755,21,Freelancer,Reddit,1.2861330469577472,Entertainment,4,No
U1756,28,Teacher,Twitter,0.6559805630389619,Entertainment,5,Yes
U1757,44,Researcher,Reddit,4.709265672574018,Networking,4,No
U1758,22,Freelancer,Instagram,2.4560956717324602,Learning,3,No
U1759,45,Professional,YouTube,3.9384826930440937,Learning,9,Yes
U1760,15,Freelancer,YouTube,2.8690117405508544,Entertainment,7,Yes
U1761,38,Teacher,YouTube,1.1964891760713923,Learning,8,Yes
U1762,35,Freelancer,YouTube,3.762343803475381,Learning,5,Yes
U1763,43,Teacher,YouTube,4.838196513604101,Learning,5,No
U1764,45,Researcher,Reddit,3.5272465600286345,Learning,10,Yes
U1765,32,Student,LinkedIn,1.5233247447020204,Learning,6,Yes
U1766,40,Teacher,Reddit,2.4686572711823644,Entertainment,1,No
U1767,33,Freelancer,Twitter,0.9692764381429572,Networking,1,No
U1768,23,Teacher,Twitter,3.4310372117318004,Networking,5,No
U1769,35,Researcher,Twitter,2.908312487702309,Entertainment,3,No
U1770,39,Freelancer,LinkedIn,3.287123658179861,Learning,8,Yes
U1771,19,Professional,YouTube,3.3504106992113023,Learning,1,No
U1772,32,Teacher,LinkedIn,2.630685482436567,Entertainment,3,No
U1773,28,Freelancer,Reddit,1.8660030994109715,Entertainment,6,No
U1774,23,Freelancer,Instagram,1.6808305306235083,Learning,7,No
U1775,34,Researcher,YouTube,4.980594062433687,Networking,1,No
U1776,24,Freelancer,Reddit,1.4998431636941127,Entertainment,5,No
U1777,37,Researcher,Reddit,0.6090629372895994,Networking,6,Yes
U1778,32,Teacher,Twitter,1.0247369564161535,Entertainment,8,Yes
U1779,46,Professional,Instagram,5.143023524768557,Learning,2,No
U1780,30,Teacher,YouTube,4.492620253407074,Learning,7,Yes
U1781,30,Freelancer,LinkedIn,2.319268616653007,Entertainment,3,No
U1782,35,Teacher,YouTube,2.0082230190507264,Learning,8,Yes
U1783,43,Teacher,Reddit,1.5730475754971305,Learning,6,No
U1784,33,Teacher,YouTube,4.108848209811343,Learning,10,Yes
U1785,26,Teacher,Twitter,1.6609289281152355,Entertainment,9,Yes
U1786,21,Freelancer,Reddit,2.76002036100863,Entertainment,4,No
U1787,31,Researcher,Reddit,1.7980657295119535,Entertainment,6,No
U1788,32,Freelancer,LinkedIn,2.047965855132,Entertainment,4,No
U1789,31,Teacher,Twitter,3.1255197374732626,Networking,7,No
U1790,21,Teacher,Twitter,3.5289879906105903,Learning,3,No
U1791,33,Freelancer,LinkedIn,4.351938671658129,Learning,8,Yes
U1792,34,Teacher,Instagram,2.437583873247691,Learning,9,Yes
U1793,17,Student,Instagram,0.8987980795405731,Networking,6,Yes
U1794,36,Freelancer,YouTube,4.4053641741053475,Networking,6,Yes
U1795,26,Professional,YouTube,3.0539181836409552,Networking,5,No
U1796,27,Researcher,YouTube,5.217375663162441,Networking,5,Yes
U1797,42,Researcher,Twitter,3.2568858106927925,Networking,7,Yes
U1798,39,Teacher,Reddit,1.1271351066546333,Entertainment,2,No
U1799,35,Freelancer,LinkedIn,3.7949194890903417,Networking,1,No
U1800,44,Professional,YouTube,4.587035610447001,Learning,2,No
U1801,36,Student,Instagram,2.6997973225728966,Entertainment,3,No
U1802,32,Freelancer,Instagram,3.0289361257574425,Learning,4,No
U1803,37,Teacher,LinkedIn,4.1170879222922805,Learning,8,Yes
U1804,37,Researcher,Reddit,0.7255153451163516,Entertainment,3,No
U1805,33,Teacher,YouTube,4.751392213447597,Learning,9,Yes
U1806,31,Professional,Twitter,5.898180411463482,Networking,5,Yes
U1807,43,Professional,Instagram,4.4530394569075655,Learning,5,No
U1808,33,Teacher,Twitter,3.7786593615939834,Networking,7,No
U1809,28,Freelancer,YouTube,4.186815396167054,Networking,7,Yes
U1810,16,Researcher,Reddit,2.615000286359575,Entertainment,2,No
U1811,40,Researcher,Reddit,3.5176472871246425,Networking,6,No
U1812,15,Researcher,Reddit,2.814234277386161,Entertainment,2,No
U1813,42,Teacher,Twitter,0.8578076751967454,Learning,4,Yes
U1814,35,Teacher,YouTube,2.595291036308925,Learning,9,Yes
U1815,24,Professional,LinkedIn,3.839465645029639,Learning,3,No
U1816,26,Professional,YouTube,1.9315022552787708,Learning,10,Yes
U1817,18,Professional,LinkedIn,3.2403018140869366,Learning,5,No
U1818,28,Freelancer,Instagram,1.32954606132696,Learning,7,No
U1819,20,Professional,Instagram,1.1141583461876188,Learning,7,Yes
U1820,16,Teacher,Instagram,3.6385782481088587,Learning,5,Yes
U1821,24,Professional,YouTube,3.3030942959656473,Networking,4,No
U1822,38,Student,Instagram,1.917184294841184,Entertainment,4,No
U1823,34,Researcher,YouTube,4.839288514859574,Networking,8,Yes
U1824,31,Freelancer,YouTube,3.235632952792594,Learning,8,Yes
U1825,36,Professional,YouTube,4.429084057394349,Learning,5,No
U1826,31,Researcher,Reddit,1.2101393876415965,Entertainment,6,No
U1827,18,Teacher,Twitter,0.4233337983971275,Learning,5,Yes
U1828,19,Professional,Twitter,1.356327826444645,Learning,2,No
U1829,27,Freelancer,Instagram,0.5030537510660548,Learning,9,Yes
U1830,27,Teacher,LinkedIn,1.4222762484438554,Entertainment,3,No
U1831,28,Researcher,Reddit,2.545489521184755,Learning,10,Yes
U1832,46,Professional,Twitter,3.676629568763284,Networking,6,No
U1833,37,Freelancer,LinkedIn,2.737060162052398,Networking,3,No
U1834,24,Professional,YouTube,2.0888750531340157,Learning,8,Yes
U1835,26,Freelancer,LinkedIn,3.700240693253164,Networking,4,No
U1836,44,Researcher,Twitter,2.865532593107924,Networking,5,Yes
U1837,19,Freelancer,Reddit,1.5612782696370033,Entertainment,3,No
U1838,22,Freelancer,LinkedIn,0.5023531182003778,Learning,8,Yes
U1839,24,Teacher,Twitter,1.225463774139606,Networking,5,Yes
U1840,36,Freelancer,YouTube,5.2035983218189426,Learning,5,Yes
U1841,43,Freelancer,Instagram,3.758670652938657,Entertainment,8,Yes
U1842,22,Freelancer,Instagram,3.1879857045568105,Learning,4,No
U1843,42,Teacher,Twitter,1.360094828811497,Learning,6,Yes
U1844,43,Freelancer,Instagram,4.117731102544904,Entertainment,7,Yes
U1845,37,Freelancer,Twitter,1.0529827767279327,Networking,1,No
U1846,36,Teacher,LinkedIn,1.7358638987966937,Entertainment,2,No
U1847,30,Student,Instagram,1.682528033903301,Entertainment,4,Yes
U1848,21,Professional,LinkedIn,1.195274297171798,Networking,8,Yes
U1849,28,Student,LinkedIn,1.0062870153161074,Entertainment,4,Yes
U1850,31,Student,Twitter,5.313493131659866,Entertainment,2,No
U1851,29,Researcher,Instagram,3.852950212178654,Entertainment,10,Yes
U1852,21,Professional,YouTube,2.518026255970878,Learning,2,No
U1853,36,Student,YouTube,0.39189137772901766,Entertainment,5,No
U1854,33,Teacher,YouTube,1.8390715314848238,Learning,10,Yes
U1855,22,Professional,LinkedIn,1.030818062248972,Networking,4,Yes
U1856,13,Professional,YouTube,2.8695301993267086,Learning,5,No
U1857,31,Freelancer,Instagram,2.9115017589045014,Learning,6,No
U1858,20,Teacher,YouTube,0.6985877780245789,Learning,3,No
U1859,22,Professional,YouTube,3.5630135682028112,Networking,2,No
U1860,28,Teacher,YouTube,1.762167197837085,Learning,10,Yes
U1861,15,Student,Instagram,3.5862710883949043,Entertainment,9,Yes
U1862,20,Teacher,YouTube,1.707006028800501,Entertainment,7,No
U1863,34,Researcher,Reddit,4.552794620917937,Networking,3,No
U1864,30,Freelancer,Instagram,4.444556554164145,Learning,6,No
U1865,14,Professional,Instagram,2.035724872711398,Learning,7,Yes
U1866,41,Freelancer,Instagram,2.8978012884080195,Networking,2,No
U1867,41,Professional,YouTube,1.4457147263600998,Entertainment,4,No
U1868,18,Professional,YouTube,3.0848801785993234,Learning,5,No
U1869,34,Professional,YouTube,4.297740865776645,Learning,3,No
U1870,25,Freelancer,Reddit,1.150577399380347,Learning,5,No
U1871,33,Researcher,Instagram,4.217987694750023,Learning,7,Yes
U1872,45,Teacher,Reddit,0.6338769573901573,Entertainment,2,No
U1873,35,Researcher,YouTube,5.141034745031315,Networking,5,Yes
U1874,40,Student,YouTube,0.8630889518309837,Entertainment,7,No
U1875,39,Freelancer,Instagram,2.9887625516108676,Networking,5,No
U1876,18,Student,Reddit,4.223431097859779,Entertainment,3,No
U1877,42,Researcher,YouTube,3.7625329906047233,Networking,1,No
U1878,45,Teacher,Reddit,1.3984620054674848,Learning,4,No
U1879,23,Freelancer,Instagram,2.395776651102367,Learning,8,Yes
U1880,40,Student,Reddit,4.483969347575072,Learning,5,No
U1881,50,Freelancer,LinkedIn,1.1249423585317304,Learning,8,Yes
U1882,29,Professional,Twitter,4.926487288284575,Networking,5,Yes
U1883,44,Researcher,Reddit,4.720367241064775,Networking,5,No
U1884,38,Researcher,Twitter,2.9039012536766564,Entertainment,6,No
U1885,25,Student,Instagram,0.8536873264238687,Learning,4,No
U1886,19,Professional,Instagram,0.6339157184364053,Learning,8,Yes
U1887,30,Freelancer,Instagram,4.496322783393894,Entertainment,2,No
U1888,40,Researcher,Reddit,1.6613894773884772,Learning,8,Yes
U1889,25,Student,Instagram,1.7129218293149147,Learning,6,No
U1890,31,Freelancer,LinkedIn,2.709102877943986,Entertainment,4,No
U1891,30,Student,Twitter,3.911994122975799,Entertainment,5,No
U1892,24,Student,Instagram,1.431970493780428,Networking,8,Yes
U1893,41,Researcher,Twitter,2.9262844229983114,Networking,6,Yes
U1894,36,Student,YouTube,3.0922660237969533,Learning,7,No
U1895,33,Teacher,Twitter,4.122099163645336,Networking,5,No
U1896,35,Researcher,Reddit,1.350661478867881,Entertainment,1,No
U1897,46,Professional,Instagram,4.333272655725063,Learning,4,No
U1898,40,Teacher,YouTube,4.673112878101374,Learning,3,No
U1899,19,Teacher,Instagram,3.8611253180088894,Learning,8,Yes
U1900,29,Freelancer,Reddit,1.1510423767785478,Learning,6,No
U1901,33,Teacher,Instagram,3.336217360223441,Learning,9,Yes
U1902,45,Professional,YouTube,3.744518561139946,Learning,10,Yes
U1903,47,Teacher,Twitter,1.2868722105022066,Learning,7,Yes
U1904,28,Teacher,LinkedIn,1.4618477917308321,Entertainment,1,No
U1905,27,Teacher,Twitter,0.1,Networking,9,Yes
U1906,38,Professional,Reddit,3.546357741070927,Networking,3,No
U1907,23,Freelancer,YouTube,2.7727605988841204,Entertainment,9,Yes
U1908,17,Teacher,Instagram,3.2929387174958418,Learning,7,Yes
U1909,32,Freelancer,LinkedIn,3.07049134980603,Networking,4,No
U1910,32,Teacher,LinkedIn,2.8943134640217982,Entertainment,4,No
U1911,41,Student,Reddit,5.24770123727515,Learning,3,No
U1912,23,Freelancer,LinkedIn,0.529495745123631,Learning,10,Yes
U1913,35,Researcher,Reddit,1.6442455864285281,Entertainment,6,No
U1914,23,Professional,YouTube,3.1975167595737197,Networking,3,No
U1915,24,Researcher,Reddit,0.4061500417957194,Entertainment,3,No
U1916,38,Student,Instagram,1.7931921671851787,Entertainment,2,No
U1917,35,Researcher,Instagram,3.7611772086979975,Learning,6,Yes
U1918,32,Freelancer,YouTube,3.672432314013302,Learning,4,Yes
U1919,26,Teacher,Twitter,0.736172659240905,Entertainment,5,Yes
U1920,39,Student,YouTube,2.119696181576345,Learning,3,No
U1921,31,Teacher,YouTube,3.135275654998866,Learning,8,Yes
U1922,22,Student,YouTube,2.6264860122508313,Entertainment,5,No
U1923,35,Teacher,LinkedIn,5.344384827108335,Learning,6,Yes
U1924,22,Researcher,Reddit,2.711849637537502,Learning,8,Yes
U1925,24,Teacher,Twitter,0.8094095248702993,Entertainment,6,Yes
U1926,43,Teacher,Twitter,0.4141728263412191,Learning,4,Yes
U1927,42,Teacher,Twitter,1.8478614389054326,Learning,8,Yes
U1928,24,Teacher,Twitter,4.348644347386555,Learning,3,No
U1929,26,Freelancer,Reddit,1.6783468641232624,Entertainment,6,No
U1930,40,Freelancer,Twitter,1.3117653220926724,Networking,1,No
U1931,24,Freelancer,Instagram,4.8876433894669615,Entertainment,5,No
U1932,38,Researcher,Instagram,2.6316372805620345,Entertainment,8,Yes
U1933,27,Student,Instagram,0.39408831551817136,Entertainment,5,Yes
U1934,17,Professional,Twitter,2.2659639833859786,Learning,3,No
U1935,18,Freelancer,YouTube,2.472726140628278,Entertainment,7,Yes
U1936,26,Freelancer,Instagram,4.390673361282482,Learning,8,Yes
U1937,37,Teacher,Instagram,1.7543002212454428,Learning,8,Yes
U1938,26,Teacher,LinkedIn,2.0595607510672695,Entertainment,1,No
U1939,27,Researcher,YouTube,2.5261292452487414,Entertainment,1,No
U1940,41,Professional,YouTube,0.6696974668016995,Entertainment,5,No
U1941,26,Teacher,Twitter,0.1414919254360319,Networking,7,Yes
U1942,37,Researcher,Reddit,3.657707867150015,Networking,6,No
U1943,25,Teacher,Instagram,4.9889077748431,Learning,9,Yes
U1944,21,Researcher,Reddit,0.1,Entertainment,4,No
U1945,29,Teacher,LinkedIn,2.676795171658463,Entertainment,1,No
U1946,36,Student,LinkedIn,5.293174698631422,Learning,5,No
U1947,30,Student,LinkedIn,2.248909706508689,Learning,8,Yes
U1948,35,Freelancer,Instagram,3.2984314560863504,Entertainment,9,Yes
U1949,31,Researcher,Instagram,3.119344719016355,Entertainment,8,Yes
U1950,22,Professional,Instagram,0.8679079193555904,Learning,7,Yes
U1951,22,Freelancer,LinkedIn,2.9947008900355434,Networking,7,No
U1952,49,Professional,YouTube,3.0423908030958784,Learning,8,Yes
U1953,33,Professional,Reddit,4.165097599431675,Networking,3,No
U1954,14,Teacher,Twitter,1.3324635811508705,Learning,8,Yes
U1955,24,Student,LinkedIn,0.43771794281095006,Entertainment,6,Yes
U1956,37,Professional,Instagram,3.301200415202284,Learning,2,No
U1957,37,Professional,Instagram,3.936491341195114,Learning,6,No
U1958,22,Professional,LinkedIn,0.49327161032478084,Networking,6,Yes
U1959,31,Freelancer,Instagram,4.748099593681658,Learning,10,Yes
U1960,32,Teacher,LinkedIn,1.8323416437161706,Entertainment,4,No
U1961,33,Teacher,Instagram,2.455749787680931,Learning,9,Yes
U1962,33,Teacher,Instagram,2.7675770200301146,Learning,10,Yes
U1963,34,Teacher,YouTube,1.4077505112221314,Networking,3,No
U1964,22,Freelancer,YouTube,2.6759557463346137,Entertainment,6,Yes
U1965,25,Freelancer,Instagram,1.4084247644733527,Learning,4,No
U1966,25,Teacher,Twitter,3.721663432910064,Networking,6,No
U1967,24,Researcher,YouTube,3.090320456226072,Entertainment,1,No
U1968,34,Freelancer,LinkedIn,2.6863432770243487,Networking,1,No
U1969,34,Teacher,LinkedIn,4.822611354499991,Learning,6,Yes
U1970,19,Freelancer,Reddit,1.8255989509405428,Networking,1,No
U1971,32,Freelancer,Twitter,0.5491079035942341,Networking,3,No
U1972,38,Researcher,Instagram,2.6137672260579494,Entertainment,9,Yes
U1973,31,Professional,YouTube,2.161487251808834,Learning,7,Yes
U1974,35,Researcher,Reddit,1.1694980140723081,Networking,6,Yes
U1975,27,Student,YouTube,1.850120234718285,Entertainment,5,No
U1976,41,Researcher,Reddit,0.9331998467804166,Networking,9,Yes
U1977,37,Researcher,Reddit,4.610410649406524,Learning,10,Yes
U1978,36,Teacher,LinkedIn,4.361613109394077,Learning,4,Yes
U1979,23,Teacher,Twitter,1.3560201420089464,Networking,7,Yes
U1980,17,Professional,YouTube,1.9261817450858691,Learning,2,No
U1981,22,Teacher,Twitter,3.6173850322784453,Learning,1,No
U1982,24,Teacher,Instagram,3.837715341263312,Learning,5,Yes
U1983,24,Teacher,Twitter,0.10222146602955884,Networking,8,Yes
U1984,30,Teacher,Twitter,4.1121969689305065,Networking,4,No
U1985,25,Freelancer,Reddit,2.4397593348800797,Networking,2,No
U1986,36,Teacher,YouTube,3.891590580322968,Learning,10,Yes
U1987,40,Professional,YouTube,4.5513724037454075,Learning,4,No
U1988,30,Teacher,YouTube,3.353364589834961,Learning,8,Yes
U1989,26,Freelancer,Instagram,1.0171675982383959,Learning,3,No
U1990,18,Researcher,Reddit,2.8145831824504723,Entertainment,4,No
U1991,32,Professional,YouTube,0.9091089833039729,Entertainment,5,No
U1992,35,Student,Instagram,0.1,Entertainment,4,Yes
U1993,34,Researcher,YouTube,4.701031135507659,Networking,5,Yes
U1994,32,Teacher,Instagram,3.233953169081776,Learning,10,Yes
U1995,20,Freelancer,LinkedIn,2.584158876396987,Networking,4,No
U1996,22,Teacher,YouTube,1.8743450441803278,Entertainment,5,No
U1997,25,Student,YouTube,2.3487158415898133,Entertainment,4,No
U1998,28,Freelancer,Reddit,2.1288511717688663,Learning,5,No
U1999,40,Professional,YouTube,3.248284387854858,Learning,8,Yes
U2000,31,Teacher,Instagram,1.580473648736679,Learning,10,Yes
U2001,47,Professional,YouTube,4.347921750904579,Learning,9,Yes
U2002,30,Freelancer,YouTube,5.497221195874599,Networking,8,Yes
U2003,32,Researcher,Reddit,2.0394734938811165,Entertainment,7,No
U2004,23,Professional,YouTube,2.39379882553129,Learning,1,No
U2005,41,Researcher,Reddit,1.1754853295809815,Networking,8,Yes
U2006,23,Student,LinkedIn,0.8198199594775847,Entertainment,6,Yes
U2007,41,Researcher,Reddit,4.165425652307789,Learning,7,Yes
U2008,26,Student,Instagram,2.225500719065668,Learning,6,No
U2009,27,Freelancer,Reddit,2.0397085205687016,Entertainment,7,No
U2010,40,Professional,YouTube,0.6613119615076208,Entertainment,3,No
U2011,15,Professional,LinkedIn,4.188248225009769,Learning,3,No
U2012,32,Researcher,Instagram,4.156566070006578,Learning,8,Yes
U2013,29,Freelancer,Instagram,4.8435328979294585,Learning,8,Yes
U2014,20,Professional,YouTube,3.5332704296393014,Learning,5,No
U2015,27,Student,Instagram,0.9442098752432244,Learning,3,No
U2016,29,Teacher,YouTube,4.582087210646768,Learning,10,Yes
U2017,34,Teacher,LinkedIn,1.8342727243203925,Entertainment,1,No
U2018,19,Student,Instagram,1.816070287317272,Entertainment,6,Yes
U2019,32,Student,LinkedIn,2.57335498880246,Learning,9,Yes
U2020,34,Freelancer,YouTube,5.555778275792211,Learning,5,Yes
U2021,36,Freelancer,YouTube,3.3799611277471233,Learning,4,Yes
U2022,27,Student,Twitter,4.7838596944752645,Entertainment,6,No
U2023,17,Teacher,Twitter,1.3202714675373868,Learning,8,Yes
U2024,42,Teacher,Twitter,1.0615391008280906,Learning,8,Yes
U2025,20,Researcher,Instagram,3.3434359737421295,Learning,3,No
U2026,23,Freelancer,Instagram,0.7503918182770878,Learning,5,Yes
U2027,46,Professional,Twitter,2.816393371470082,Networking,2,No
U2028,21,Professional,Instagram,0.5216180114920368,Learning,5,Yes
U2029,44,Professional,Twitter,1.6050391475107235,Networking,3,No
U2030,31,Professional,YouTube,4.1972961102568656,Networking,6,No
U2031,29,Freelancer,Instagram,4.9791929099210215,Learning,9,Yes
U2032,22,Researcher,Reddit,2.92583048842554,Learning,10,Yes
U2033,30,Professional,Reddit,3.5145373441028513,Networking,3,No
U2034,41,Student,YouTube,2.9371590063577804,Learning,7,No
U2035,41,Professional,YouTube,4.412169828389041,Learning,2,No
U2036,24,Freelancer,Reddit,1.9520087773806571,Entertainment,1,No
U2037,37,Teacher,YouTube,1.651258899563075,Learning,8,Yes
U2038,30,Freelancer,Twitter,1.4559918692869733,Networking,1,No
U2039,41,Freelancer,Instagram,4.7603928629663415,Entertainment,6,Yes
U2040,28,Freelancer,YouTube,4.397025971802937,Learning,7,Yes
U2041,27,Freelancer,Instagram,3.0649694556439844,Learning,7,No
U2042,27,Teacher,Twitter,4.043477927150854,Networking,3,No
U2043,35,Teacher,Instagram,1.3840225412527745,Learning,8,Yes
U2044,48,Freelancer,Instagram,2.780858636735753,Networking,2,No
U2045,39,Student,LinkedIn,0.4923121858419395,Learning,2,No
U2046,36,Professional,Instagram,3.566882534050387,Learning,3,No
U2047,30,Freelancer,LinkedIn,2.662385701508481,Learning,8,Yes
U2048,23,Student,YouTube,2.2656695309942014,Entertainment,5,No
U2049,43,Researcher,Reddit,5.26018375107213,Networking,3,No
U2050,36,Student,YouTube,1.788552490222218,Learning,5,No
U2051,37,Student,Reddit,4.935626874955447,Learning,4,No
U2052,28,Professional,Twitter,4.353246187397952,Networking,7,Yes
U2053,34,Professional,Twitter,4.652152561401468,Networking,9,Yes
U2054,49,Freelancer,Instagram,2.2409365082917128,Entertainment,5,Yes
U2055,50,Freelancer,LinkedIn,2.019792003220781,Learning,7,Yes
U2056,24,Freelancer,Instagram,1.20188516094912,Learning,5,Yes
U2057,30,Freelancer,Instagram,4.2341896668470085,Learning,3,No
U2058,39,Teacher,Twitter,1.302060444794259,Learning,7,Yes
U2059,45,Teacher,YouTube,5.151819376052394,Learning,5,No
U2060,26,Freelancer,Instagram,0.760277888430138,Learning,7,No
U2061,28,Teacher,Instagram,5.129616619893399,Learning,8,Yes
U2062,47,Professional,YouTube,4.873220435200364,Learning,2,No
U2063,28,Freelancer,LinkedIn,2.5133105809864826,Networking,3,No
U2064,35,Student,LinkedIn,5.10356666823658,Learning,4,No
U2065,23,Freelancer,Reddit,1.7680724815131146,Entertainment,6,No
U2066,42,Professional,Twitter,2.5862618700232964,Networking,3,No
U2067,44,Teacher,Twitter,0.5880322565140002,Learning,6,Yes
U2068,19,Teacher,Twitter,0.7404452742754071,Entertainment,8,Yes
U2069,39,Freelancer,Instagram,4.124906047892964,Networking,2,No
U2070,23,Student,Instagram,2.6003414094787414,Entertainment,6,Yes
U2071,19,Teacher,Twitter,1.3910650007657295,Learning,8,Yes
U2072,44,Teacher,YouTube,3.6045503091662234,Learning,2,No
U2073,14,Teacher,YouTube,0.7100735268891807,Learning,3,No
U2074,24,Teacher,YouTube,2.940992404624971,Entertainment,7,No
U2075,31,Student,LinkedIn,1.425211894224234,Learning,5,Yes
U2076,24,Researcher,Reddit,0.3923931160473642,Entertainment,3,No
U2077,30,Teacher,Twitter,3.917013705536116,Networking,5,No
U2078,37,Teacher,YouTube,1.0556863009200261,Networking,2,No
U2079,37,Researcher,YouTube,4.0104533574919214,Networking,4,No
U2080,28,Teacher,Twitter,4.097909890547961,Networking,4,No
U2081,31,Freelancer,LinkedIn,1.946427877908906,Learning,7,Yes
U2082,14,Student,Instagram,2.9673187727296653,Entertainment,5,Yes
U2083,25,Teacher,Twitter,0.1,Networking,8,Yes
U2084,27,Freelancer,LinkedIn,0.9579224510356015,Learning,8,Yes
U2085,23,Professional,Instagram,1.4973814309384688,Learning,5,Yes
U2086,29,Freelancer,Reddit,2.2473235937869362,Networking,3,No
U2087,28,Student,Instagram,0.713570274259468,Learning,10,Yes
U2088,36,Freelancer,Instagram,4.7757399501761,Entertainment,8,Yes
U2089,21,Freelancer,Instagram,0.5108873753125949,Learning,5,No
U2090,26,Freelancer,Instagram,4.523467451030185,Learning,8,Yes
U2091,22,Freelancer,YouTube,3.6488835083729887,Entertainment,10,Yes
U2092,37,Freelancer,LinkedIn,2.026053641365507,Entertainment,3,No
U2093,30,Teacher,Twitter,3.4828384772542087,Networking,5,No
U2094,19,Professional,LinkedIn,0.9820148907864297,Networking,7,Yes
U2095,42,Professional,YouTube,0.428599242395177,Entertainment,1,No
U2096,45,Teacher,Twitter,0.6836224850574805,Learning,6,Yes
U2097,39,Freelancer,LinkedIn,4.098220568790876,Learning,10,Yes
U2098,32,Student,LinkedIn,2.0828570761552982,Learning,10,Yes
U2099,28,Professional,YouTube,4.082015006394514,Learning,6,No
U2100,19,Professional,LinkedIn,0.9720928551575172,Networking,8,Yes
U2101,23,Freelancer,Reddit,1.7107730417682807,Entertainment,5,No
U2102,23,Freelancer,LinkedIn,3.633409198147701,Networking,4,No
U2103,27,Teacher,Twitter,3.7304388603649805,Networking,6,No
U2104,30,Freelancer,Instagram,4.985030557634477,Entertainment,3,No
U2105,45,Researcher,Reddit,3.9381336599501218,Learning,10,Yes
U2106,23,Teacher,Twitter,1.0289028049628923,Entertainment,5,Yes
U2107,35,Researcher,Reddit,1.451533987441011,Learning,6,Yes
U2108,20,Professional,Twitter,2.1087155128102295,Learning,4,No
U2109,41,Student,Reddit,4.4050211037239935,Learning,4,No
U2110,31,Student,LinkedIn,2.082496194996882,Learning,4,Yes
U2111,36,Professional,YouTube,3.7944995681855778,Learning,6,No
U2112,36,Teacher,YouTube,1.2429767749190033,Learning,10,Yes
U2113,29,Professional,YouTube,3.7293305739276943,Networking,4,No
U2114,33,Student,LinkedIn,2.50636988792883,Learning,8,Yes
U2115,21,Professional,YouTube,3.191436867474286,Learning,5,No
U2116,44,Researcher,Reddit,4.08443721521245,Networking,5,No
U2117,18,Professional,LinkedIn,3.704026423418378,Learning,4,No
U2118,34,Student,YouTube,2.6753987861368316,Learning,5,No
U2119,18,Professional,YouTube,3.0223869039157973,Learning,5,No
U2120,22,Freelancer,Reddit,1.3871731585989289,Networking,1,No
U2121,26,Professional,YouTube,3.6746817411355943,Networking,4,No
U2122,27,Student,Instagram,0.7820701480273307,Entertainment,7,Yes
U2123,38,Student,YouTube,2.403589233453971,Learning,7,No
U2124,14,Professional,YouTube,1.7567611708144575,Learning,2,No
U2125,25,Freelancer,Reddit,1.28024481198674,Learning,3,No
U2126,25,Teacher,Twitter,4.506265519698621,Learning,4,No
U2127,30,Teacher,Instagram,2.019980365621509,Learning,10,Yes
U2128,19,Student,Reddit,2.8359614510723397,Entertainment,3,No
U2129,40,Freelancer,LinkedIn,1.7866742798556992,Learning,7,Yes
U2130,21,Teacher,Instagram,4.6561891052332856,Learning,10,Yes
U2131,27,Freelancer,Instagram,2.0963675827082073,Learning,4,No
U2132,29,Teacher,Instagram,1.5710659220455563,Learning,9,Yes
U2133,32,Researcher,YouTube,5.165690126287496,Networking,8,Yes
U2134,37,Student,LinkedIn,2.6952110306257318,Learning,8,Yes
U2135,25,Professional,YouTube,3.5289267315297272,Networking,5,No
U2136,29,Teacher,YouTube,4.769343658960844,Learning,10,Yes
U2137,32,Freelancer,Instagram,1.9147287407991787,Learning,7,Yes
U2138,23,Student,Instagram,1.9361576900142252,Learning,6,No
U2139,30,Freelancer,Instagram,3.928490343963136,Learning,8,Yes
U2140,26,Professional,YouTube,2.410079093377742,Learning,6,Yes
U2141,34,Researcher,YouTube,4.7676556974837405,Networking,9,Yes
U2142,35,Student,LinkedIn,0.9364370490077577,Learning,6,No
U2143,13,Teacher,Twitter,1.0365984955008472,Learning,5,Yes
U2144,19,Freelancer,Reddit,1.72487850560087,Networking,4,No
U2145,27,Student,Instagram,1.1958537485535325,Entertainment,6,Yes
U2146,41,Professional,Instagram,4.058141020075394,Learning,6,No
U2147,33,Freelancer,Reddit,0.6402269358084156,Learning,5,No
U2148,37,Freelancer,LinkedIn,2.8032350720151356,Networking,1,No
U2149,21,Student,Instagram,1.4893473584052377,Learning,7,Yes
U2150,37,Teacher,Instagram,4.1146073921485256,Entertainment,2,No
U2151,39,Freelancer,Twitter,1.1015473424744169,Networking,1,No
U2152,24,Teacher,Twitter,3.474732360626478,Networking,4,No
U2153,29,Freelancer,LinkedIn,2.342594958339446,Learning,10,Yes
U2154,30,Researcher,Instagram,4.13238765548899,Learning,5,Yes
U2155,23,Freelancer,Reddit,2.4376953689995076,Networking,1,No
U2156,31,Freelancer,Instagram,3.6241427832113855,Learning,5,No
U2157,20,Teacher,Twitter,1.2666796223527248,Learning,8,Yes
U2158,18,Student,Instagram,1.3197342522592024,Networking,10,Yes
U2159,44,Teacher,Reddit,2.509097355877128,Entertainment,1,No
U2160,39,Freelancer,Instagram,5.128684152689112,Entertainment,6,Yes
U2161,29,Teacher,YouTube,2.836098500036489,Entertainment,5,No
U2162,36,Teacher,YouTube,4.842456634402946,Learning,10,Yes
U2163,33,Student,LinkedIn,2.114126979021969,Learning,9,Yes
U2164,36,Freelancer,Instagram,4.766303755162099,Entertainment,10,Yes
U2165,17,Researcher,Reddit,2.4665640361705345,Entertainment,2,No
U2166,31,Teacher,YouTube,4.888639649611696,Learning,8,Yes
U2167,50,Professional,YouTube,3.832585982857193,Learning,9,Yes
U2168,41,Student,LinkedIn,1.6263083727430896,Learning,4,No
U2169,38,Student,YouTube,1.94183954046329,Learning,3,No
U2170,30,Teacher,YouTube,4.18153964810186,Learning,9,Yes
U2171,31,Freelancer,LinkedIn,1.029812470547332,Learning,8,Yes
U2172,24,Professional,Instagram,1.0538063340945982,Learning,9,Yes
U2173,43,Professional,Twitter,2.4377164931164748,Networking,5,No
U2174,23,Student,Instagram,1.5761013394335723,Networking,10,Yes
U2175,49,Teacher,Reddit,2.1120334307592254,Entertainment,1,No
U2176,30,Freelancer,Reddit,1.2197235241203697,Learning,5,No
U2177,26,Freelancer,Instagram,4.082045238065736,Entertainment,1,No
U2178,32,Professional,Instagram,0.44209209178624653,Entertainment,3,No
U2179,20,Student,Instagram,1.6405046251409032,Learning,3,No
U2180,49,Teacher,Reddit,0.8337021869225818,Entertainment,1,No
U2181,29,Freelancer,YouTube,5.206318704822036,Networking,4,Yes
U2182,19,Teacher,Twitter,1.0209230778138398,Entertainment,6,Yes
U2183,43,Teacher,Reddit,3.5215464847973665,Entertainment,1,No
U2184,26,Teacher,Instagram,5.653958125308055,Learning,8,Yes
U2185,21,Freelancer,Reddit,1.7092754653762416,Networking,3,No
U2186,36,Student,Instagram,1.9468314987343425,Entertainment,4,No
U2187,30,Freelancer,YouTube,5.197790757001015,Networking,6,Yes
U2188,32,Teacher,YouTube,2.651586304959019,Learning,10,Yes
U2189,36,Researcher,YouTube,3.2809854712819915,Networking,2,No
U2190,23,Researcher,Reddit,1.1068122673226566,Entertainment,4,No
U2191,33,Student,YouTube,0.48898259722280935,Entertainment,5,No
U2192,46,Teacher,Reddit,1.8913687915869324,Learning,4,No
U2193,48,Teacher,Reddit,2.1484367952537986,Entertainment,1,No
U2194,31,Researcher,Instagram,4.534885727491925,Learning,5,Yes
U2195,16,Professional,LinkedIn,2.900151235817346,Learning,3,No
U2196,40,Freelancer,Instagram,1.5419280685155619,Entertainment,7,Yes
U2197,17,Student,Reddit,3.6290070976510727,Entertainment,6,No
U2198,32,Researcher,Reddit,0.38590186351738276,Entertainment,2,No
U2199,30,Teacher,Instagram,3.4907560678056813,Learning,8,Yes
U2200,33,Student,Instagram,0.6725318729796907,Entertainment,8,Yes
U2201,29,Teacher,Twitter,0.8965878441093387,Networking,7,Yes
U2202,44,Freelancer,Instagram,3.0389714339393614,Networking,6,No
U2203,28,Freelancer,Reddit,1.5710758069087554,Networking,3,No
U2204,26,Freelancer,Instagram,1.4203188839270466,Learning,4,No
U2205,36,Freelancer,Twitter,0.6147086187996086,Networking,1,No
U2206,31,Teacher,Instagram,1.5259764440299166,Learning,10,Yes
U2207,24,Professional,YouTube,1.6426596615047842,Learning,8,Yes
U2208,44,Student,Instagram,2.2606399525069074,Entertainment,4,No
U2209,28,Freelancer,LinkedIn,3.66083927068825,Networking,3,No
U2210,21,Student,Instagram,2.68402990298341,Entertainment,8,Yes
U2211,37,Researcher,Reddit,3.80242575907331,Networking,4,No
U2212,42,Teacher,Reddit,1.8092484189321663,Entertainment,3,No
U2213,40,Professional,YouTube,3.2114674767785725,Learning,5,No
U2214,35,Freelancer,LinkedIn,2.589238331942695,Entertainment,3,No
U2215,23,Teacher,Twitter,4.114428853906784,Learning,4,No
U2216,35,Freelancer,LinkedIn,0.8629339339789472,Learning,10,Yes
U2217,16,Teacher,Twitter,0.8070361633411225,Entertainment,9,Yes
U2218,43,Researcher,Reddit,4.164553389355064,Learning,9,Yes
U2219,39,Teacher,LinkedIn,5.426421317213742,Learning,8,Yes
U2220,25,Professional,LinkedIn,3.2758876918499253,Learning,5,No
U2221,39,Researcher,YouTube,3.7538748353670517,Networking,1,No
U2222,44,Freelancer,Instagram,1.7155384287919586,Entertainment,7,Yes
U2223,18,Researcher,Reddit,2.051719064654053,Entertainment,3,No
U2224,35,Student,YouTube,1.821038020071872,Entertainment,4,No
U2225,25,Researcher,Instagram,3.538679230982338,Learning,4,No
U2226,44,Researcher,Reddit,3.988860510408143,Learning,8,Yes
U2227,38,Freelancer,YouTube,3.6610411553834927,Entertainment,5,Yes
U2228,37,Teacher,YouTube,4.594453998025698,Learning,9,Yes
U2229,26,Student,Reddit,2.793492813869935,Entertainment,6,No
U2230,27,Freelancer,Instagram,1.9116399578388528,Learning,4,No
U2231,41,Researcher,Reddit,1.312880761555877,Networking,8,Yes
U2232,23,Professional,Twitter,2.2088066259668286,Learning,4,No
U2233,49,Freelancer,LinkedIn,0.9123169863608749,Learning,6,Yes
U2234,36,Student,LinkedIn,5.251753965967379,Learning,3,No
U2235,30,Freelancer,Instagram,1.732351372666555,Learning,7,Yes
U2236,19,Teacher,Twitter,0.223539581316349,Networking,9,Yes
U2237,44,Freelancer,Instagram,5.100912426840968,Entertainment,8,Yes
U2238,28,Freelancer,Reddit,1.3512145808073965,Entertainment,7,No
U2239,40,Researcher,Reddit,3.6089982537444816,Learning,7,Yes
U2240,22,Professional,LinkedIn,0.22014844125985644,Networking,4,Yes
U2241,18,Student,Reddit,2.3144657234559545,Entertainment,5,No
U2242,44,Teacher,Twitter,1.7357711902091029,Learning,9,Yes
U2243,23,Freelancer,LinkedIn,0.184427560830825,Learning,10,Yes
U2244,23,Researcher,Instagram,2.7857780843671187,Learning,4,No
U2245,45,Freelancer,Instagram,1.6622059954607336,Entertainment,5,Yes
U2246,27,Researcher,Reddit,0.5569651536045535,Entertainment,6,No
U2247,43,Student,LinkedIn,0.8248397698640639,Learning,2,No
U2248,32,Student,LinkedIn,1.936651893406818,Learning,5,Yes
U2249,35,Researcher,Twitter,2.2787111526647115,Entertainment,4,No
U2250,40,Professional,YouTube,3.71388312328168,Learning,2,No
U2251,30,Student,LinkedIn,1.132184931773287,Entertainment,6,Yes
U2252,29,Freelancer,YouTube,3.224724034145756,Entertainment,9,Yes
U2253,41,Freelancer,Instagram,4.758179160768072,Entertainment,6,Yes
U2254,20,Student,Instagram,0.9573756569378886,Learning,9,Yes
U2255,23,Student,Instagram,1.490531371385541,Learning,10,Yes
U2256,28,Professional,YouTube,4.851639018658032,Learning,6,No
U2257,33,Teacher,Instagram,2.0930829001963915,Learning,10,Yes
U2258,14,Freelancer,YouTube,2.49379309089176,Entertainment,10,Yes
U2259,19,Freelancer,LinkedIn,3.6285994851779635,Networking,4,No
U2260,30,Professional,YouTube,1.8796674127348936,Learning,6,Yes
U2261,32,Researcher,Instagram,4.0039400923473645,Learning,6,Yes
U2262,26,Researcher,YouTube,4.637194473925748,Networking,7,Yes
U2263,35,Freelancer,LinkedIn,1.5178323970573044,Learning,9,Yes
U2264,17,Freelancer,YouTube,2.806046676537088,Entertainment,6,Yes
U2265,19,Student,Reddit,2.703320650209025,Entertainment,6,No
U2266,35,Teacher,YouTube,4.092060586505011,Learning,10,Yes
U2267,23,Teacher,Twitter,0.30572872308439447,Learning,7,Yes
U2268,41,Teacher,YouTube,0.19986444774814505,Networking,1,No
U2269,39,Teacher,Instagram,1.1913586538897603,Learning,10,Yes
U2270,39,Teacher,Instagram,1.8797312534020647,Learning,10,Yes
U2271,38,Freelancer,LinkedIn,2.053606242254058,Entertainment,4,No
U2272,25,Freelancer,Reddit,1.456807232115548,Learning,3,No
U2273,36,Researcher,Reddit,4.317356874376281,Networking,3,No
U2274,45,Professional,Twitter,1.7157478932809733,Networking,2,No
U2275,37,Student,Reddit,5.227487792110845,Learning,3,No
U2276,14,Freelancer,YouTube,3.105399322795855,Entertainment,9,Yes
U2277,40,Teacher,Twitter,0.5030686625825733,Learning,4,Yes
U2278,49,Professional,YouTube,3.510095771447496,Learning,10,Yes
U2279,40,Student,LinkedIn,0.47175088129540055,Learning,2,No
U2280,36,Freelancer,LinkedIn,2.548835188374168,Entertainment,5,No
U2281,34,Researcher,Reddit,1.067750796522517,Entertainment,5,No
U2282,19,Professional,LinkedIn,0.1,Networking,4,Yes
U2283,30,Freelancer,Instagram,1.3085914051935157,Learning,3,No
U2284,35,Researcher,Instagram,3.2381355268625818,Entertainment,10,Yes
U2285,38,Student,YouTube,0.601160153192698,Entertainment,7,No
U2286,36,Researcher,Reddit,1.1079847208887204,Learning,4,Yes
U2287,32,Student,LinkedIn,2.2000504689344313,Learning,8,Yes
U2288,40,Freelancer,LinkedIn,3.934647376290367,Learning,10,Yes
U2289,38,Student,Reddit,4.877553484938732,Learning,4,No
U2290,39,Freelancer,Twitter,0.8912505152996067,Networking,1,No
U2291,25,Teacher,Twitter,0.16494239977288355,Networking,6,Yes
U2292,37,Researcher,Reddit,4.88585895735808,Networking,3,No
U2293,37,Freelancer,LinkedIn,1.9119133317226096,Entertainment,6,No
U2294,25,Student,YouTube,1.8437801485433594,Entertainment,5,No
U2295,21,Professional,YouTube,4.1909455464799805,Networking,4,No
U2296,20,Teacher,Twitter,3.6404540463744475,Learning,2,No
U2297,32,Freelancer,Twitter,0.6987378864675851,Networking,2,No
U2298,34,Freelancer,YouTube,4.03585147666851,Learning,5,Yes
U2299,40,Teacher,YouTube,5.018043825523128,Learning,8,Yes
U2300,19,Teacher,Twitter,0.1,Networking,8,Yes
U2301,32,Freelancer,Instagram,4.314937869810178,Entertainment,3,No
U2302,37,Researcher,Reddit,1.0012211172541392,Networking,10,Yes
U2303,29,Student,LinkedIn,1.518826878755999,Entertainment,8,Yes
U2304,25,Professional,LinkedIn,0.7898838180204479,Networking,4,Yes
U2305,38,Student,Instagram,1.5159771207448773,Entertainment,1,No
U2306,20,Researcher,Instagram,3.2448461473075483,Learning,3,No
U2307,34,Student,Reddit,4.592838427951853,Learning,5,No
U2308,27,Teacher,Twitter,3.5451055038832324,Networking,5,No
U2309,33,Teacher,Twitter,4.3894447792783895,Networking,7,No
U2310,30,Researcher,YouTube,4.114128435368247,Networking,8,Yes
U2311,36,Freelancer,YouTube,4.304390427867187,Entertainment,9,Yes
U2312,26,Freelancer,Reddit,1.9141148450923113,Entertainment,5,No
U2313,38,Freelancer,LinkedIn,4.3454308353018485,Learning,9,Yes
U2314,20,Freelancer,Reddit,1.568530243987371,Networking,1,No
U2315,22,Researcher,Instagram,3.3250296404604454,Learning,7,No
U2316,36,Student,YouTube,0.1,Entertainment,3,No
U2317,37,Teacher,YouTube,1.5376687964665985,Learning,10,Yes
U2318,19,Student,Instagram,1.7468274238215755,Learning,2,No
U2319,24,Student,Instagram,2.048031530890698,Learning,9,Yes
U2320,44,Freelancer,Instagram,2.1464215915987745,Entertainment,8,Yes
U2321,21,Teacher,YouTube,2.217247031507367,Entertainment,6,No
U2322,34,Teacher,YouTube,4.924350389883739,Learning,10,Yes
U2323,20,Freelancer,Reddit,1.1021053989037575,Networking,1,No
U2324,25,Teacher,YouTube,2.6956746208792,Entertainment,7,No
U2325,40,Researcher,Twitter,2.4380048341286953,Networking,4,Yes
U2326,39,Teacher,YouTube,3.902304824411488,Learning,2,No
U2327,17,Teacher,Instagram,3.3740253140440615,Learning,8,Yes
U2328,29,Researcher,YouTube,2.105330747140163,Entertainment,1,No
U2329,29,Teacher,LinkedIn,2.096477507259723,Entertainment,1,No
U2330,36,Researcher,Instagram,3.1921952107159886,Entertainment,7,Yes
U2331,33,Professional,YouTube,4.014071058860667,Learning,2,No
U2332,45,Researcher,Reddit,3.6357691891598285,Learning,10,Yes
U2333,24,Researcher,Reddit,3.059762335391478,Learning,9,Yes
U2334,37,Researcher,Twitter,3.6268086342461423,Entertainment,2,No
U2335,37,Teacher,YouTube,4.669943616419563,Learning,7,Yes
U2336,19,Freelancer,YouTube,3.1980591074555647,Entertainment,9,Yes
U2337,39,Teacher,Instagram,2.8048890374232687,Entertainment,3,No
U2338,45,Professional,YouTube,4.378880719646885,Learning,6,No
U2339,27,Student,YouTube,1.0513158405144667,Entertainment,4,No
U2340,26,Freelancer,Instagram,3.7615375362340493,Learning,8,Yes
U2341,36,Researcher,Instagram,2.9303142962704816,Entertainment,9,Yes
U2342,34,Student,YouTube,1.3959496672067866,Entertainment,4,No
U2343,20,Researcher,Reddit,1.0750079143348228,Entertainment,6,No
U2344,36,Freelancer,LinkedIn,2.6215023610271997,Entertainment,2,No
U2345,38,Professional,Instagram,3.333649720055034,Learning,3,No
U2346,38,Student,YouTube,0.7018596743060317,Entertainment,3,No
U2347,25,Researcher,Instagram,3.5508500044508677,Learning,5,No
U2348,27,Teacher,Twitter,3.987768114789299,Networking,6,No
U2349,27,Professional,Instagram,0.17810320825962722,Entertainment,3,No
U2350,37,Teacher,Instagram,3.054841075990064,Entertainment,1,No
U2351,37,Freelancer,LinkedIn,2.4679611179256415,Entertainment,2,No
U2352,26,Researcher,YouTube,5.068145454758595,Networking,6,Yes
U2353,35,Freelancer,LinkedIn,1.9019360894500268,Networking,2,No
U2354,38,Researcher,Reddit,4.218938012260071,Networking,4,No
U2355,22,Professional,LinkedIn,0.6715243849394762,Networking,8,Yes
U2356,34,Researcher,Reddit,1.2248059942581067,Entertainment,1,No
U2357,43,Freelancer,Instagram,3.446428792118718,Networking,3,No
U2358,30,Student,LinkedIn,4.891285659404402,Learning,1,No
U2359,37,Teacher,LinkedIn,4.400029746649032,Learning,5,Yes
U2360,35,Teacher,YouTube,3.6459989314383456,Learning,7,Yes
U2361,17,Student,Instagram,0.7034736214692996,Networking,10,Yes
U2362,42,Freelancer,Instagram,3.60081591260428,Networking,3,No
U2363,38,Researcher,Twitter,3.4967272637622155,Entertainment,6,No
U2364,33,Freelancer,LinkedIn,2.855274551148893,Entertainment,4,No
U2365,36,Student,LinkedIn,1.1146704114008672,Learning,2,No
U2366,21,Researcher,Reddit,0.7898198241929827,Entertainment,5,No
U2367,17,Student,Reddit,2.9219406266196097,Entertainment,2,No
U2368,37,Student,LinkedIn,2.03496985322319,Learning,8,Yes
U2369,16,Professional,LinkedIn,4.334534762913165,Learning,5,No
U2370,33,Researcher,Reddit,0.7287209971040618,Networking,7,Yes
U2371,30,Freelancer,Instagram,5.607389395354925,Entertainment,5,No
U2372,27,Researcher,YouTube,2.3389859227539707,Entertainment,1,No
U2373,39,Freelancer,Instagram,3.762716054547539,Networking,2,No
U2374,44,Researcher,Reddit,0.9965924952512308,Learning,4,Yes
U2375,27,Professional,LinkedIn,0.8929521005823245,Networking,4,Yes
U2376,21,Professional,YouTube,2.431614932026189,Learning,2,No
U2377,27,Freelancer,YouTube,3.9923664040379063,Networking,6,Yes
U2378,33,Freelancer,Instagram,1.5092670212054728,Learning,8,Yes
U2379,33,Teacher,Instagram,2.3047358942979845,Learning,9,Yes
U2380,21,Researcher,Reddit,0.1775292807032518,Entertainment,3,No
U2381,46,Researcher,Twitter,2.0504920197707994,Networking,5,Yes
U2382,35,Researcher,Reddit,1.6540776178325225,Entertainment,7,No
U2383,36,Teacher,YouTube,4.45628233561141,Learning,8,Yes
U2384,25,Teacher,Instagram,2.4741598137772494,Learning,10,Yes
U2385,45,Freelancer,Instagram,3.1747972856822444,Entertainment,4,Yes
U2386,40,Student,LinkedIn,0.870292409363753,Learning,5,No
U2387,23,Freelancer,LinkedIn,2.0277516573971317,Learning,10,Yes
U2388,24,Professional,LinkedIn,0.7121173722676458,Networking,6,Yes
U2389,44,Researcher,Reddit,4.12678674699655,Networking,5,No
U2390,22,Student,Reddit,2.394216320448586,Entertainment,3,No
U2391,34,Freelancer,LinkedIn,1.4686702398419162,Learning,8,Yes
U2392,40,Teacher,Twitter,1.331806527294432,Learning,8,Yes
U2393,41,Professional,YouTube,1.6801523981407351,Entertainment,1,No
U2394,13,Researcher,Reddit,2.231241812033427,Entertainment,5,No
U2395,29,Freelancer,Instagram,0.9103154391836914,Learning,7,No
U2396,43,Freelancer,Instagram,3.1861271932055186,Networking,2,No
U2397,19,Researcher,Reddit,0.9357655858645266,Entertainment,3,No
U2398,25,Freelancer,Instagram,2.1640156796939163,Learning,7,Yes
U2399,23,Teacher,Instagram,4.04375198370703,Learning,8,Yes
U2400,33,Professional,YouTube,2.380423327155739,Learning,9,Yes
U2401,20,Professional,LinkedIn,3.5300429973075818,Learning,3,No
U2402,19,Teacher,Twitter,3.5941560027117245,Learning,3,No
U2403,30,Professional,Instagram,1.7247524503530793,Entertainment,5,No
U2404,36,Teacher,YouTube,3.8336113012601754,Learning,8,Yes
U2405,44,Researcher,Reddit,3.825280336391522,Learning,10,Yes
U2406,27,Student,Twitter,4.4137156256218795,Entertainment,5,No
U2407,30,Teacher,YouTube,1.989576559363062,Learning,10,Yes
U2408,29,Teacher,YouTube,2.4151110878253936,Learning,8,Yes
U2409,39,Researcher,Instagram,3.001512856639463,Entertainment,9,Yes
U2410,19,Freelancer,Reddit,0.4048478162652811,Entertainment,4,No
U2411,32,Freelancer,Twitter,0.593889627487765,Networking,1,No
U2412,32,Freelancer,LinkedIn,4.256736866008703,Learning,9,Yes
U2413,42,Professional,Twitter,2.96881495147494,Networking,5,No
U2414,20,Freelancer,Reddit,2.014093123905288,Networking,1,No
U2415,38,Teacher,YouTube,4.4600033490627595,Learning,8,Yes
U2416,37,Student,LinkedIn,3.9604846318901066,Learning,4,No
U2417,40,Teacher,Reddit,1.8576471608122338,Learning,5,No
U2418,29,Freelancer,Reddit,1.0828590949826875,Entertainment,4,No
U2419,24,Freelancer,LinkedIn,4.5920483666902285,Networking,7,No
U2420,22,Teacher,Twitter,1.085253604177258,Entertainment,7,Yes
U2421,39,Professional,Instagram,3.8096758487230242,Learning,4,No
U2422,19,Student,Instagram,1.0943073763056859,Learning,9,Yes
U2423,36,Student,YouTube,0.7535278966932059,Entertainment,3,No
U2424,24,Teacher,Instagram,4.380249038989125,Learning,10,Yes
U2425,26,Freelancer,Reddit,1.758416887764977,Learning,7,No
U2426,28,Freelancer,YouTube,4.393208084872023,Learning,4,Yes
U2427,40,Researcher,Reddit,0.8341841305457359,Networking,6,Yes
U2428,28,Teacher,Twitter,4.845220342577891,Networking,3,No
U2429,21,Researcher,Reddit,2.0246541657601114,Entertainment,3,No
U2430,23,Teacher,Twitter,0.8844198379844483,Networking,5,Yes
U2431,37,Researcher,Reddit,3.6958867462776204,Learning,10,Yes
U2432,24,Teacher,Twitter,3.5815578138722617,Learning,1,No
U2433,24,Freelancer,Instagram,1.6555549955715976,Learning,7,No
U2434,23,Teacher,Twitter,0.1,Entertainment,6,Yes
U2435,39,Professional,Instagram,5.10763755523032,Learning,6,No
U2436,27,Teacher,Twitter,1.1453222304612736,Networking,7,Yes
U2437,36,Teacher,YouTube,4.301402341927006,Learning,8,Yes
U2438,36,Researcher,YouTube,3.548865129772072,Networking,1,No
U2439,35,Researcher,Reddit,4.473780806901776,Networking,6,No
U2440,33,Professional,YouTube,4.243348849707198,Learning,2,No
U2441,31,Freelancer,Reddit,1.6778344742816147,Entertainment,5,No
U2442,29,Researcher,Instagram,4.095788698097045,Learning,7,Yes
U2443,36,Freelancer,Twitter,1.053120494652963,Networking,1,No
U2444,26,Professional,Instagram,1.8236528496959035,Entertainment,1,No
U2445,26,Teacher,Instagram,2.4840516025643233,Learning,9,Yes
U2446,35,Teacher,Instagram,1.2751722505450296,Learning,8,Yes
U2447,26,Teacher,Instagram,2.8812814263562263,Learning,10,Yes
U2448,41,Freelancer,LinkedIn,2.2203072817441436,Learning,10,Yes
U2449,41,Professional,YouTube,2.7760283672560426,Entertainment,3,No
U2450,30,Freelancer,Instagram,4.2382529833802005,Entertainment,2,No
U2451,33,Researcher,Reddit,1.3214410065751374,Networking,6,Yes
U2452,27,Teacher,Twitter,2.3589506484055063,Learning,2,No
U2453,29,Teacher,YouTube,5.276574578189605,Learning,10,Yes
U2454,37,Freelancer,Twitter,0.5258998509166137,Networking,1,No
U2455,25,Student,Instagram,2.4617228974124767,Learning,3,No
U2456,25,Student,Instagram,1.012692514990709,Learning,7,Yes
U2457,15,Teacher,Twitter,0.15540848101636917,Learning,9,Yes
U2458,46,Freelancer,Instagram,2.8643681296487404,Networking,2,No
U2459,35,Teacher,YouTube,3.5122561143914313,Learning,9,Yes
U2460,31,Professional,Twitter,5.375549727253655,Networking,9,Yes
U2461,37,Teacher,YouTube,3.567458476871839,Learning,7,Yes
U2462,31,Professional,Reddit,3.4142287905915794,Networking,3,No
U2463,25,Teacher,Twitter,0.1,Networking,7,Yes
U2464,34,Researcher,Reddit,4.139851097731679,Networking,7,No
U2465,37,Researcher,Reddit,2.521689077902267,Learning,4,Yes
U2466,18,Professional,Twitter,2.3803239457178975,Learning,3,No
U2467,20,Professional,Instagram,0.468253197517533,Learning,8,Yes
U2468,35,Researcher,Instagram,3.9843982555304582,Learning,9,Yes
U2469,39,Freelancer,Instagram,2.7090084360222235,Entertainment,7,Yes
U2470,23,Freelancer,LinkedIn,3.736315172921703,Networking,3,No
U2471,25,Freelancer,Reddit,1.1165708183595868,Networking,4,No
U2472,31,Professional,YouTube,4.496283636923666,Learning,4,No
U2473,35,Professional,YouTube,0.1,Entertainment,1,No
U2474,31,Professional,YouTube,3.885057723818095,Learning,6,No
U2475,34,Researcher,Instagram,3.0558630787742276,Entertainment,10,Yes
U2476,39,Student,YouTube,2.716663413035619,Learning,6,No
U2477,37,Researcher,Reddit,4.0113154263384345,Learning,7,Yes
U2478,28,Professional,YouTube,1.2972184730718568,Learning,8,Yes
U2479,35,Teacher,YouTube,0.5075034370914924,Networking,1,No
U2480,21,Professional,LinkedIn,0.6993400047737034,Networking,4,Yes
U2481,25,Freelancer,LinkedIn,3.460466329067722,Networking,3,No
U2482,45,Student,Instagram,1.7104379451821268,Entertainment,1,No
U2483,38,Researcher,YouTube,3.85958310524401,Networking,3,No
U2484,37,Teacher,Instagram,2.1480839985796445,Learning,8,Yes
U2485,31,Professional,Twitter,4.741153713565392,Networking,5,Yes
U2486,45,Researcher,Twitter,2.7559543779854634,Networking,5,Yes
U2487,33,Freelancer,YouTube,4.584968294040271,Entertainment,6,Yes
U2488,19,Researcher,Reddit,1.2881586815580386,Entertainment,5,No
U2489,27,Teacher,LinkedIn,1.1740786342126708,Entertainment,2,No
U2490,23,Teacher,Twitter,1.3917948323993032,Learning,8,Yes
U2491,31,Freelancer,YouTube,4.360678469352949,Networking,8,Yes
U2492,20,Professional,LinkedIn,3.34088123612869,Learning,2,No
U2493,22,Student,Instagram,0.5094218109344429,Networking,7,Yes
U2494,30,Researcher,Reddit,1.5700999296162437,Entertainment,5,No
U2495,38,Student,LinkedIn,3.1992690560481707,Learning,10,Yes
U2496,44,Teacher,Twitter,1.4010642293090596,Learning,6,Yes
U2497,28,Professional,LinkedIn,1.0311117559434886,Networking,5,Yes
U2498,39,Professional,YouTube,0.4918864721036772,Entertainment,5,No
U2499,22,Teacher,Instagram,3.0244231317235655,Learning,8,Yes
U2500,40,Researcher,Reddit,2.5804606702572865,Learning,9,Yes
U2501,36,Professional,Instagram,3.6953095894586228,Learning,3,No
U2502,33,Teacher,YouTube,5.078351593192829,Learning,7,Yes
U2503,27,Researcher,Reddit,0.8584732578741854,Entertainment,7,No
U2504,21,Freelancer,Instagram,1.389243368523938,Learning,3,No
U2505,40,Researcher,Reddit,3.9888498581409735,Learning,8,Yes
U2506,23,Student,Instagram,1.0555572287122972,Learning,10,Yes
U2507,41,Professional,YouTube,3.402379441200892,Learning,10,Yes
U2508,30,Freelancer,Instagram,4.882939139740308,Learning,7,Yes
U2509,26,Freelancer,Instagram,0.5920566062947635,Learning,8,Yes
U2510,28,Teacher,YouTube,1.9498238439186741,Learning,8,Yes
U2511,35,Student,Reddit,5.366217435477334,Learning,1,No
U2512,37,Professional,YouTube,4.092449855518315,Learning,5,No
U2513,39,Teacher,YouTube,4.950350306060291,Learning,8,Yes
U2514,23,Freelancer,LinkedIn,4.907327222236276,Networking,4,No
U2515,41,Freelancer,Instagram,3.047828603506554,Networking,6,No
U2516,35,Researcher,Instagram,3.4966535250026616,Entertainment,8,Yes
U2517,38,Researcher,Reddit,3.630971458169304,Networking,5,No
U2518,38,Teacher,YouTube,4.690625581301025,Learning,10,Yes
U2519,32,Student,LinkedIn,2.630135812491152,Learning,10,Yes
U2520,36,Student,Instagram,2.097421170135069,Entertainment,1,No
U2521,22,Freelancer,LinkedIn,2.9901523401455714,Networking,3,No
U2522,22,Professional,YouTube,3.7031808856627255,Networking,5,No
U2523,28,Student,YouTube,2.3310979693588187,Entertainment,6,No
U2524,25,Researcher,YouTube,2.724317882257264,Entertainment,3,No
U2525,37,Researcher,Reddit,1.2809935945359205,Entertainment,3,No
U2526,20,Student,Instagram,0.7814940149936862,Networking,10,Yes
U2527,18,Professional,YouTube,3.174950119711855,Learning,1,No
U2528,35,Teacher,LinkedIn,2.2396339191082633,Entertainment,2,No
U2529,25,Freelancer,Reddit,1.024544635156384,Entertainment,5,No
U2530,22,Freelancer,YouTube,2.8592605023994375,Entertainment,10,Yes
U2531,36,Researcher,Reddit,3.5041516682798446,Learning,7,Yes
U2532,35,Professional,Twitter,4.683559862557604,Networking,5,Yes
U2533,35,Freelancer,Instagram,4.694664153646187,Entertainment,6,Yes
U2534,37,Teacher,Instagram,3.648622136690062,Entertainment,1,No
U2535,47,Freelancer,Instagram,2.1053837674614355,Entertainment,8,Yes
U2536,21,Researcher,Reddit,2.5269928855914383,Entertainment,2,No
U2537,31,Student,LinkedIn,2.3860031391502368,Learning,5,Yes
U2538,31,Freelancer,Twitter,0.44763578219455813,Networking,3,No
U2539,33,Student,Reddit,4.1312076017754125,Learning,5,No
U2540,44,Student,LinkedIn,0.8275477104592843,Learning,6,No
U2541,33,Teacher,YouTube,0.7770281430694199,Networking,3,No
U2542,40,Teacher,Instagram,1.8565702285265115,Learning,10,Yes
U2543,40,Student,Reddit,4.7184416694222175,Learning,2,No
U2544,34,Teacher,LinkedIn,3.796271569627495,Learning,7,Yes
U2545,48,Freelancer,Instagram,2.9058265308494207,Networking,3,No
U2546,28,Freelancer,Instagram,3.5471904444658438,Learning,4,No
U2547,36,Student,LinkedIn,1.2168305123870293,Learning,2,No
U2548,29,Freelancer,Instagram,4.450900162694475,Entertainment,5,No
U2549,23,Teacher,YouTube,1.9393373366862832,Learning,6,No
U2550,30,Student,Instagram,0.1,Entertainment,8,Yes
U2551,20,Researcher,Reddit,2.655583748901312,Entertainment,1,No
U2552,16,Teacher,Twitter,0.9878405145609477,Entertainment,8,Yes
U2553,23,Researcher,YouTube,2.929792436171778,Entertainment,1,No
U2554,30,Freelancer,Reddit,1.2399007420293664,Learning,6,No
U2555,24,Student,Reddit,3.7697777680127347,Entertainment,4,No
U2556,28,Freelancer,YouTube,4.106319017723594,Learning,6,Yes
U2557,36,Teacher,YouTube,0.4506897874110939,Networking,3,No
U2558,13,Professional,YouTube,3.5102521436355314,Learning,2,No
U2559,38,Teacher,YouTube,0.9432596770589294,Networking,1,No
U2560,24,Freelancer,Instagram,1.6107792368121052,Learning,5,No
U2561,20,Researcher,Reddit,2.6173759570223973,Entertainment,1,No
U2562,22,Professional,LinkedIn,2.9840223789527824,Learning,5,No
U2563,42,Researcher,Reddit,1.9977454488196287,Learning,4,Yes
U2564,35,Researcher,Instagram,3.0050526217685545,Entertainment,10,Yes
U2565,29,Professional,LinkedIn,0.533915322177814,Networking,5,Yes
U2566,38,Freelancer,Instagram,3.1361394826921445,Networking,5,No
U2567,37,Student,Instagram,1.249889069276532,Entertainment,1,No
U2568,27,Freelancer,Instagram,1.1105814785897827,Learning,5,No
U2569,23,Student,LinkedIn,1.5755364462065695,Entertainment,6,Yes
U2570,38,Student,LinkedIn,2.543095594292398,Learning,7,Yes
U2571,33,Researcher,YouTube,4.068680211336382,Networking,2,No
U2572,23,Freelancer,Reddit,1.9215617292564466,Networking,1,No
U2573,20,Student,Instagram,1.3528787471817711,Learning,2,No
U2574,21,Student,Reddit,3.878291692913991,Entertainment,4,No
U2575,45,Freelancer,Instagram,2.999823711102918,Networking,4,No
U2576,29,Teacher,YouTube,2.5159210460674237,Entertainment,7,No
U2577,32,Researcher,Instagram,3.8730150720710323,Entertainment,7,Yes
U2578,24,Student,Instagram,2.2113142575770466,Entertainment,8,Yes
U2579,36,Student,Reddit,5.679394592248447,Learning,1,No
U2580,24,Teacher,Twitter,0.1,Entertainment,8,Yes
U2581,26,Researcher,Instagram,4.214821065556399,Learning,7,No
U2582,41,Professional,Twitter,2.5136622080240127,Networking,2,No
U2583,39,Teacher,YouTube,3.878650626087359,Learning,6,No
U2584,36,Teacher,LinkedIn,1.1549949144085288,Entertainment,4,No
U2585,29,Researcher,Instagram,3.1726026413111534,Learning,5,No
U2586,43,Freelancer,Instagram,2.180096734486558,Entertainment,7,Yes
U2587,25,Researcher,Reddit,2.5961768273132635,Learning,10,Yes
U2588,22,Student,Instagram,1.43134451710556,Learning,4,No
U2589,31,Teacher,Instagram,2.678895807236453,Learning,10,Yes
U2590,38,Freelancer,YouTube,3.603801675700313,Entertainment,7,Yes
U2591,21,Teacher,Twitter,1.253838326700557,Entertainment,6,Yes
U2592,15,Professional,Twitter,1.652240305577219,Learning,5,No
U2593,36,Teacher,YouTube,4.159622955198635,Learning,10,Yes
U2594,28,Professional,YouTube,4.499362509175656,Networking,5,No
U2595,43,Student,Instagram,1.6323994826183768,Entertainment,1,No
U2596,47,Teacher,Reddit,2.7281041260286476,Entertainment,3,No
U2597,29,Professional,YouTube,4.078469400559567,Learning,4,No
U2598,18,Student,Instagram,1.501143968071752,Learning,3,No
U2599,19,Teacher,Twitter,3.9351825801149647,Learning,2,No
U2600,21,Teacher,Instagram,5.135946210969328,Learning,10,Yes
U2601,24,Freelancer,LinkedIn,1.0445937198604562,Learning,10,Yes
U2602,43,Freelancer,LinkedIn,1.2058784732392305,Learning,10,Yes
U2603,28,Researcher,Instagram,3.3720397757388936,Learning,5,No
U2604,31,Teacher,Twitter,4.068978764116059,Networking,4,No
U2605,29,Professional,YouTube,4.045651843434878,Networking,5,No
U2606,40,Student,YouTube,0.8021149294970759,Entertainment,5,No
U2607,29,Researcher,YouTube,2.8094431490115768,Entertainment,1,No
U2608,27,Teacher,LinkedIn,2.9191798661354706,Entertainment,4,No
U2609,42,Student,YouTube,2.590654806132392,Learning,4,No
U2610,18,Professional,Instagram,1.0558264280023892,Learning,7,Yes
U2611,24,Freelancer,LinkedIn,0.3405445874549662,Learning,8,Yes
U2612,32,Freelancer,Instagram,3.484634931585468,Entertainment,3,No
U2613,44,Teacher,YouTube,4.194187864615084,Learning,4,No
U2614,14,Teacher,YouTube,1.052587884359564,Learning,5,No
U2615,20,Professional,LinkedIn,3.242608662542629,Learning,5,No
U2616,24,Freelancer,Instagram,1.6217651020931723,Learning,5,No
U2617,30,Researcher,Reddit,0.7697981354015458,Entertainment,1,No
U2618,28,Freelancer,Reddit,2.163890125316949,Entertainment,4,No
U2619,37,Professional,YouTube,4.243055434129489,Learning,3,No
U2620,16,Teacher,Twitter,0.7265383574649162,Entertainment,10,Yes
U2621,30,Student,Twitter,5.295083119479644,Entertainment,6,No
U2622,14,Teacher,YouTube,0.9914344625268988,Learning,3,No
U2623,42,Professional,Instagram,4.363268341836153,Learning,4,No
U2624,38,Teacher,LinkedIn,4.561294646903599,Learning,6,Yes
U2625,34,Freelancer,YouTube,3.9750865572512817,Learning,7,Yes
U2626,41,Researcher,Reddit,4.342084115092848,Networking,6,No
U2627,38,Teacher,YouTube,1.8064143217718427,Learning,10,Yes
U2628,46,Professional,YouTube,4.539913517683416,Learning,3,No
U2629,43,Freelancer,Instagram,4.465677123345128,Entertainment,8,Yes
U2630,16,Professional,LinkedIn,2.581820108114801,Learning,3,No
U2631,26,Freelancer,LinkedIn,0.8836130582058057,Learning,8,Yes
U2632,25,Freelancer,Instagram,5.196909233571907,Entertainment,2,No
U2633,33,Teacher,Instagram,3.351311960378447,Entertainment,1,No
U2634,17,Teacher,YouTube,0.9768082987427261,Learning,5,No
U2635,31,Student,LinkedIn,5.093188252952968,Learning,4,No
U2636,24,Freelancer,Reddit,0.8440133863705386,Learning,7,No
U2637,29,Freelancer,Instagram,2.9285983908785505,Learning,4,No
U2638,20,Teacher,Twitter,1.019684440237253,Entertainment,7,Yes
U2639,27,Student,Instagram,0.35791302437563144,Entertainment,4,Yes
U2640,35,Teacher,LinkedIn,1.616876840123373,Entertainment,3,No
U2641,31,Student,Instagram,0.5123107720506546,Entertainment,4,Yes
U2642,45,Teacher,Reddit,2.1457528236233916,Entertainment,2,No
U2643,28,Teacher,YouTube,1.7953557192160923,Learning,8,Yes
U2644,41,Researcher,Twitter,2.9534905363431188,Entertainment,5,No
U2645,18,Student,Instagram,2.4067038492577115,Learning,2,No
U2646,32,Teacher,YouTube,4.828560569221218,Learning,10,Yes
U2647,25,Teacher,Instagram,4.639174317322335,Learning,8,Yes
U2648,30,Freelancer,Instagram,1.1453933187004326,Learning,6,Yes
U2649,39,Professional,YouTube,0.7768201400565136,Entertainment,5,No
U2650,30,Professional,YouTube,1.707546173291115,Learning,6,Yes
U2651,45,Teacher,Reddit,1.3606207142391558,Learning,7,No
U2652,29,Freelancer,Reddit,1.9797378987735628,Networking,1,No
U2653,29,Professional,Instagram,2.274537893350379,Entertainment,2,No
U2654,26,Freelancer,LinkedIn,0.7419782818620799,Learning,10,Yes
U2655,39,Professional,Reddit,3.1916873471922687,Networking,7,No
U2656,42,Researcher,Reddit,1.668438493444376,Learning,6,Yes
U2657,28,Student,Twitter,4.997899424354873,Entertainment,5,No
U2658,40,Teacher,Reddit,1.7317754059773927,Learning,7,No
U2659,28,Professional,Twitter,5.642047896974058,Networking,5,Yes
U2660,33,Teacher,YouTube,3.3868039647323958,Learning,7,Yes
U2661,32,Researcher,Reddit,0.1,Entertainment,1,No
U2662,23,Professional,YouTube,2.552060913994925,Learning,3,No
U2663,33,Professional,YouTube,1.7486500937718543,Entertainment,1,No
U2664,19,Student,Instagram,0.7171759841972019,Learning,6,No
U2665,20,Professional,Instagram,0.1,Learning,9,Yes
U2666,47,Researcher,Twitter,3.085589703109604,Networking,4,Yes
U2667,31,Teacher,LinkedIn,2.2218286118513575,Entertainment,4,No
U2668,40,Freelancer,Twitter,0.25489579660028516,Networking,3,No
U2669,18,Student,Instagram,2.107230199639535,Entertainment,6,Yes
U2670,15,Professional,Twitter,1.715128140182663,Learning,3,No
U2671,27,Researcher,Instagram,3.45526765873697,Learning,4,No
U2672,24,Freelancer,Instagram,3.3868423619084966,Learning,5,No
U2673,35,Freelancer,LinkedIn,1.84703195948776,Learning,10,Yes
U2674,40,Freelancer,Instagram,1.6726866685478046,Networking,4,No
U2675,32,Freelancer,YouTube,3.8715740674361,Learning,8,Yes
U2676,39,Student,YouTube,1.836973019544475,Learning,7,No
U2677,38,Freelancer,LinkedIn,1.471829660813754,Learning,8,Yes
U2678,25,Freelancer,Reddit,1.2309761207549308,Entertainment,2,No
U2679,41,Researcher,Reddit,4.698921889947883,Networking,6,No
U2680,44,Student,Instagram,1.0703316141699712,Entertainment,1,No
U2681,26,Student,Instagram,0.922745738165376,Networking,9,Yes
U2682,27,Teacher,YouTube,2.6791682116058526,Entertainment,6,No
U2683,21,Teacher,Instagram,5.428323718280978,Learning,10,Yes
U2684,42,Teacher,Twitter,0.7591170144532624,Learning,8,Yes
U2685,30,Teacher,YouTube,1.9622293021762585,Learning,10,Yes
U2686,21,Teacher,Instagram,3.5980686037188176,Learning,10,Yes
U2687,19,Teacher,Instagram,2.404021897843488,Learning,4,Yes
U2688,20,Professional,YouTube,3.22238718789085,Learning,3,No
U2689,39,Teacher,YouTube,3.997219853175965,Learning,4,No
U2690,39,Teacher,LinkedIn,5.389256344899211,Learning,8,Yes
U2691,34,Researcher,Twitter,2.1132985555151254,Entertainment,5,No
U2692,45,Freelancer,Instagram,4.859951069764376,Entertainment,6,Yes
U2693,21,Teacher,Twitter,1.9344089202719266,Learning,8,Yes
U2694,39,Freelancer,LinkedIn,2.7098528041786327,Entertainment,3,No
U2695,42,Teacher,Twitter,1.1382907527955244,Learning,6,Yes
U2696,45,Teacher,Reddit,1.9042780404121749,Entertainment,1,No
U2697,33,Freelancer,Instagram,0.6145592714370438,Learning,8,Yes
U2698,37,Freelancer,LinkedIn,3.677786467855174,Networking,1,No
U2699,41,Professional,YouTube,2.994571180097467,Learning,10,Yes
U2700,42,Researcher,Reddit,1.9522416281915085,Learning,7,Yes
U2701,32,Teacher,Instagram,1.4184828467143733,Learning,8,Yes
U2702,20,Student,Reddit,2.61027016774611,Entertainment,5,No
U2703,24,Student,LinkedIn,1.6175436996111179,Entertainment,4,Yes
U2704,28,Researcher,YouTube,2.3263488555210787,Entertainment,3,No
U2705,38,Freelancer,YouTube,4.226637738021273,Entertainment,5,Yes
U2706,29,Freelancer,Instagram,1.460884670470741,Learning,4,No
U2707,49,Freelancer,LinkedIn,0.4790511135210712,Learning,10,Yes
U2708,26,Researcher,Reddit,3.34603379986586,Learning,10,Yes
U2709,39,Professional,Twitter,2.4050538411221964,Networking,6,No
U2710,42,Researcher,Reddit,4.649344406758521,Networking,7,No
U2711,32,Student,YouTube,0.8126054337700411,Entertainment,6,No
U2712,22,Freelancer,Reddit,0.8284408860285649,Entertainment,6,No
U2713,36,Teacher,YouTube,1.8821473826852846,Learning,9,Yes
U2714,42,Professional,Twitter,3.7981115710764,Networking,5,No
U2715,33,Freelancer,Instagram,1.6464932292572296,Learning,7,Yes
U2716,21,Freelancer,LinkedIn,3.4712411234972684,Networking,5,No
U2717,37,Student,LinkedIn,2.6376717009784487,Learning,5,Yes
U2718,44,Freelancer,Instagram,2.8053342326015556,Entertainment,4,Yes
U2719,36,Professional,Reddit,3.504767115131397,Networking,3,No
U2720,41,Teacher,Reddit,1.0541874139204488,Learning,5,No
U2721,34,Freelancer,LinkedIn,2.616924012894799,Entertainment,5,No
U2722,48,Freelancer,Instagram,3.2177217082084724,Entertainment,5,Yes
U2723,35,Professional,YouTube,0.7819689239499876,Entertainment,1,No
U2724,43,Researcher,Twitter,3.512247910623474,Networking,4,Yes
U2725,18,Professional,LinkedIn,3.454146987927437,Learning,6,No
U2726,42,Teacher,YouTube,4.05611524423073,Learning,10,Yes
U2727,24,Student,Reddit,3.6988160384601225,Entertainment,5,No
U2728,31,Researcher,Reddit,1.5566028821308653,Entertainment,4,No
U2729,26,Professional,Instagram,1.479757443743054,Entertainment,1,No
U2730,28,Freelancer,LinkedIn,3.3541206838707316,Networking,7,No
U2731,37,Teacher,YouTube,4.470086928235048,Learning,10,Yes
U2732,19,Professional,Instagram,1.1467801021671458,Learning,7,Yes
U2733,38,Researcher,Reddit,4.445448528795003,Networking,4,No
U2734,35,Freelancer,Twitter,0.1,Networking,1,No
U2735,24,Student,Instagram,0.9393781299528041,Learning,3,No
U2736,39,Researcher,Twitter,3.2647049923954077,Entertainment,3,No
U2737,23,Freelancer,Reddit,1.7339317055492265,Networking,4,No
U2738,28,Teacher,Twitter,0.23813434861428912,Networking,7,Yes
U2739,35,Freelancer,LinkedIn,0.9207129923712629,Learning,10,Yes
U2740,21,Researcher,Reddit,0.1,Entertainment,5,No
U2741,44,Researcher,Reddit,2.9891006800190265,Learning,9,Yes
U2742,37,Researcher,Reddit,1.6493596406492335,Learning,8,Yes
U2743,25,Student,Instagram,0.3007812097094765,Entertainment,7,Yes
U2744,19,Teacher,YouTube,0.6167060545073425,Learning,2,No
U2745,45,Teacher,Reddit,1.8659382874160233,Entertainment,2,No
U2746,40,Teacher,Twitter,1.681985315426369,Learning,5,Yes
U2747,15,Teacher,Twitter,2.0465989661049724,Learning,8,Yes
U2748,33,Freelancer,YouTube,3.544058290218393,Learning,5,Yes
U2749,43,Teacher,Reddit,2.479690521650261,Entertainment,2,No
U2750,39,Teacher,Instagram,3.986550780507536,Entertainment,3,No
U2751,35,Student,LinkedIn,2.0104536303116496,Learning,8,Yes
U2752,25,Freelancer,Instagram,3.8016179772930156,Learning,5,No
U2753,42,Professional,Twitter,2.4711833753311927,Networking,6,No
U2754,40,Researcher,YouTube,4.192844290209369,Networking,1,No
U2755,36,Student,LinkedIn,3.154565506702275,Learning,8,Yes
U2756,22,Professional,YouTube,3.9028031163156567,Networking,4,No
U2757,23,Freelancer,Instagram,3.9543041866167212,Learning,4,No
U2758,39,Teacher,YouTube,3.7848453400226787,Learning,6,No
U2759,20,Researcher,Reddit,0.1,Entertainment,5,No
U2760,29,Researcher,Reddit,0.6957658947297961,Entertainment,1,No
U2761,39,Teacher,Twitter,2.1033040774319574,Learning,6,Yes
U2762,34,Researcher,Instagram,2.536416071705176,Entertainment,10,Yes
U2763,37,Freelancer,LinkedIn,1.9724553159116525,Entertainment,4,No
U2764,28,Student,Instagram,1.463133868117034,Learning,7,Yes
U2765,27,Freelancer,Instagram,4.307672607576369,Entertainment,5,No
U2766,37,Teacher,YouTube,4.103738276442393,Learning,10,Yes
U2767,35,Researcher,Reddit,0.9882007091359114,Networking,6,Yes
U2768,28,Freelancer,YouTube,3.617191297904925,Learning,5,Yes
U2769,27,Professional,Instagram,0.6129390768918159,Entertainment,1,No
U2770,33,Freelancer,LinkedIn,3.3517139583936544,Networking,3,No
U2771,19,Student,Instagram,0.7463151088845179,Learning,8,Yes
U2772,46,Researcher,Twitter,2.001063932752581,Networking,6,Yes
U2773,30,Teacher,LinkedIn,4.4849875102330525,Learning,8,Yes
U2774,27,Teacher,LinkedIn,2.465977751254923,Entertainment,1,No
U2775,29,Researcher,YouTube,4.701539096001555,Networking,6,Yes
U2776,29,Researcher,Reddit,0.5677094609421909,Entertainment,3,No
U2777,25,Professional,LinkedIn,3.5221793987578036,Learning,2,No
U2778,33,Student,Twitter,3.927146283570174,Entertainment,4,No
U2779,27,Student,Instagram,1.1473528268875162,Networking,8,Yes
U2780,25,Student,Reddit,3.3917175157018224,Entertainment,3,No
U2781,21,Teacher,Instagram,3.3953457629521395,Learning,5,Yes
U2782,21,Professional,YouTube,4.102962255898208,Networking,6,No
U2783,21,Professional,YouTube,3.036251950523481,Networking,5,No
U2784,35,Freelancer,Twitter,1.3639544966267847,Networking,1,No
U2785,24,Freelancer,LinkedIn,1.1772468327976258,Learning,10,Yes
U2786,28,Student,Instagram,0.4317237050609133,Entertainment,7,Yes
U2787,39,Student,LinkedIn,4.590063182315844,Learning,2,No
U2788,24,Student,Instagram,1.3463676170945291,Learning,7,Yes
U2789,40,Teacher,LinkedIn,5.410141448208858,Learning,5,Yes
U2790,34,Teacher,YouTube,4.461660436264493,Learning,10,Yes
U2791,38,Freelancer,LinkedIn,2.1187403804267007,Entertainment,2,No
U2792,31,Freelancer,Instagram,4.21815144603624,Learning,4,No
U2793,35,Student,LinkedIn,1.8022325324080706,Learning,6,Yes
U2794,27,Freelancer,LinkedIn,3.9502665386657956,Networking,3,No
U2795,36,Researcher,Twitter,3.6497179915043545,Entertainment,4,No
U2796,43,Researcher,Reddit,4.099102486529183,Networking,3,No
U2797,23,Freelancer,Instagram,5.140681163287653,Entertainment,2,No
U2798,25,Student,Twitter,4.22315385933007,Entertainment,6,No
U2799,30,Teacher,YouTube,2.7773666490339046,Entertainment,4,No
U2800,29,Researcher,Reddit,0.8997119929933836,Entertainment,2,No
U2801,43,Freelancer,Instagram,3.3365191410801076,Networking,5,No
U2802,32,Professional,Twitter,4.677213963982302,Networking,5,Yes
U2803,36,Researcher,Reddit,3.169458292216414,Learning,10,Yes
U2804,37,Freelancer,LinkedIn,3.2516260323747526,Networking,1,No
U2805,41,Professional,Twitter,1.668298423760273,Networking,4,No
U2806,25,Teacher,Instagram,4.341324753878733,Learning,9,Yes
U2807,24,Teacher,Twitter,1.270590933209985,Entertainment,5,Yes
U2808,25,Teacher,Instagram,3.6959488679365182,Learning,7,Yes
U2809,22,Teacher,YouTube,3.3741713223949064,Entertainment,5,No
U2810,45,Researcher,Reddit,4.512554576290887,Learning,10,Yes
U2811,19,Student,Instagram,0.5730508058372118,Networking,8,Yes
U2812,27,Researcher,YouTube,2.5136566899257193,Entertainment,1,No
U2813,39,Student,LinkedIn,0.8763146487277821,Learning,3,No
U2814,20,Student,Instagram,0.10891161832693641,Networking,10,Yes
U2815,37,Professional,YouTube,3.829800541757823,Learning,2,No
U2816,31,Freelancer,YouTube,4.41961954651007,Networking,4,Yes
U2817,39,Freelancer,LinkedIn,1.4818897485720317,Entertainment,4,No
U2818,23,Professional,LinkedIn,0.6237467341258215,Networking,6,Yes
U2819,43,Professional,YouTube,3.1754640776734795,Learning,10,Yes
U2820,27,Freelancer,Instagram,3.963553049344213,Entertainment,5,No
U2821,38,Professional,Reddit,3.602106432638666,Networking,5,No
U2822,29,Freelancer,Instagram,4.857936372345479,Learning,10,Yes
U2823,21,Professional,Twitter,2.3135172394324446,Learning,5,No
U2824,23,Student,Instagram,0.7379659123955149,Networking,6,Yes
U2825,21,Teacher,YouTube,2.6957210758759276,Entertainment,6,No
U2826,15,Professional,YouTube,3.1401101802383455,Learning,5,No
U2827,35,Freelancer,Instagram,4.753701784859844,Entertainment,9,Yes
U2828,24,Student,Instagram,1.0876938747826195,Learning,4,No
U2829,28,Researcher,Instagram,3.5383003827555903,Learning,4,No
U2830,19,Teacher,Instagram,4.19774032541274,Learning,4,Yes
U2831,24,Student,Instagram,1.1016854706941348,Learning,8,Yes
U2832,45,Professional,YouTube,5.348969669566215,Learning,4,No
U2833,36,Student,LinkedIn,1.8371845330073078,Learning,8,Yes
U2834,33,Student,Instagram,0.6162035066700681,Entertainment,7,Yes
U2835,29,Teacher,LinkedIn,1.763757201996832,Entertainment,1,No
U2836,37,Teacher,Instagram,3.61163541796013,Entertainment,1,No
U2837,31,Freelancer,Instagram,0.5288891536823623,Learning,9,Yes
U2838,17,Student,Instagram,2.3269791005916396,Entertainment,5,Yes
U2839,18,Professional,Instagram,0.3539393998257164,Learning,8,Yes
U2840,30,Researcher,YouTube,2.5676691739461455,Entertainment,1,No
U2841,41,Teacher,YouTube,1.4972236877544538,Networking,1,No
U2842,26,Professional,YouTube,3.9230030935572757,Networking,4,No
U2843,27,Student,LinkedIn,0.1,Entertainment,4,Yes
U2844,31,Student,LinkedIn,3.42103482646394,Learning,8,Yes
U2845,26,Researcher,Instagram,3.547639970310434,Learning,3,No
U2846,43,Professional,Instagram,3.7117504297534993,Learning,2,No
U2847,22,Professional,YouTube,2.8785639594954704,Learning,5,No
U2848,35,Freelancer,LinkedIn,1.6880949112513464,Learning,8,Yes
U2849,38,Researcher,Reddit,0.4665756415242182,Entertainment,3,No
U2850,35,Freelancer,LinkedIn,3.0989583336710376,Networking,2,No
U2851,44,Freelancer,Instagram,2.3962638561898464,Entertainment,8,Yes
U2852,27,Professional,LinkedIn,0.39781900365498857,Networking,7,Yes
U2853,40,Teacher,YouTube,3.656860432122458,Learning,2,No
U2854,38,Student,YouTube,0.1,Entertainment,6,No
U2855,43,Student,Reddit,4.972918235107692,Learning,4,No
U2856,24,Professional,YouTube,3.892649718258169,Networking,4,No
U2857,35,Researcher,Reddit,4.257441798038186,Networking,3,No
U2858,22,Researcher,Reddit,2.409962626317617,Entertainment,4,No
U2859,45,Student,Instagram,2.162170105007434,Entertainment,2,No
U2860,44,Professional,Instagram,3.833637250891548,Learning,2,No
U2861,44,Freelancer,LinkedIn,1.8198319322155943,Learning,7,Yes
U2862,33,Freelancer,LinkedIn,0.9212412300790326,Learning,9,Yes
U2863,17,Teacher,Twitter,0.64966430874376,Entertainment,10,Yes
U2864,30,Freelancer,LinkedIn,2.0178999642883775,Entertainment,2,No
U2865,50,Professional,YouTube,3.840028029569655,Learning,10,Yes
U2866,43,Teacher,Twitter,1.9713942570700378,Learning,8,Yes
U2867,18,Teacher,YouTube,1.3436526185224975,Learning,6,No
U2868,14,Freelancer,YouTube,3.235964932605899,Entertainment,10,Yes
U2869,20,Teacher,YouTube,0.6603586087940061,Learning,5,No
U2870,41,Teacher,Instagram,1.9742975599304902,Learning,8,Yes
U2871,29,Researcher,YouTube,4.737412785808417,Networking,7,Yes
U2872,46,Teacher,Reddit,2.023441051942457,Learning,7,No
U2873,36,Freelancer,Twitter,0.7423878837239013,Networking,3,No
U2874,27,Freelancer,Instagram,1.2075285557949593,Learning,9,Yes
U2875,26,Teacher,Twitter,3.6704542592804947,Learning,2,No
U2876,35,Researcher,YouTube,5.238084583595616,Networking,5,Yes
U2877,20,Researcher,Reddit,1.6658274025765991,Entertainment,1,No
U2878,32,Freelancer,Reddit,1.169462164323812,Learning,3,No
U2879,26,Teacher,Twitter,0.27077968317917367,Entertainment,5,Yes
U2880,26,Student,Reddit,1.9509694912535305,Entertainment,2,No
U2881,37,Teacher,YouTube,4.600229815706864,Learning,10,Yes
U2882,15,Student,Instagram,2.904452678127316,Entertainment,9,Yes
U2883,25,Professional,YouTube,3.731033404543363,Networking,5,No
U2884,18,Teacher,Twitter,0.1252191411228165,Entertainment,7,Yes
U2885,36,Teacher,LinkedIn,4.624575284961763,Learning,6,Yes
U2886,32,Researcher,YouTube,1.3908261199744594,Entertainment,3,No
U2887,25,Student,LinkedIn,1.5848505538270925,Entertainment,5,Yes
U2888,26,Professional,LinkedIn,0.1,Networking,7,Yes
U2889,19,Student,Instagram,2.027701804729948,Learning,8,Yes
U2890,32,Freelancer,LinkedIn,2.0729348218420727,Learning,8,Yes
U2891,31,Student,LinkedIn,4.149704823731969,Learning,3,No
U2892,21,Teacher,Twitter,0.4336075243661275,Learning,6,Yes
U2893,20,Teacher,Twitter,1.275185108193169,Entertainment,9,Yes
U2894,28,Freelancer,Instagram,1.0778379814084644,Learning,5,No
U2895,29,Student,YouTube,1.6512423210791038,Entertainment,4,No
U2896,39,Teacher,Reddit,1.6585862045965407,Entertainment,2,No
U2897,15,Student,Instagram,1.7094207927671834,Entertainment,9,Yes
U2898,43,Teacher,Reddit,0.4847659904377706,Learning,6,No
U2899,34,Freelancer,LinkedIn,3.9133421242472983,Learning,9,Yes
U2900,42,Researcher,Twitter,2.519221126834687,Entertainment,6,No
U2901,35,Professional,Twitter,4.723455091542934,Networking,8,Yes
U2902,19,Freelancer,YouTube,3.047931919546893,Entertainment,10,Yes
U2903,31,Researcher,YouTube,5.386721138316222,Networking,9,Yes
U2904,45,Teacher,Reddit,1.7637276393190953,Entertainment,3,No
U2905,33,Teacher,YouTube,4.329700646545069,Learning,9,Yes
U2906,40,Researcher,Twitter,3.0500715165569416,Networking,6,Yes
U2907,31,Freelancer,Reddit,0.5215322151502123,Learning,4,No
U2908,23,Freelancer,Instagram,4.911576527373849,Entertainment,5,No
U2909,28,Teacher,Twitter,0.775942985911077,Networking,7,Yes
U2910,37,Freelancer,YouTube,5.040115104208815,Networking,6,Yes
U2911,21,Freelancer,YouTube,1.7316236487487677,Entertainment,10,Yes
U2912,42,Professional,Instagram,3.7193223650955294,Learning,4,No
U2913,38,Student,YouTube,1.9608683735882666,Learning,5,No
U2914,39,Teacher,Reddit,1.6499434772046067,Learning,4,No
U2915,29,Teacher,YouTube,4.840372289883992,Learning,9,Yes
U2916,41,Professional,YouTube,4.04835520372299,Learning,10,Yes
U2917,40,Student,LinkedIn,0.6525172598159634,Learning,2,No
U2918,23,Researcher,Reddit,0.3512137508453931,Entertainment,3,No
U2919,17,Teacher,Twitter,1.6748360094393737,Entertainment,6,Yes
U2920,20,Freelancer,Instagram,1.6482884692651525,Learning,7,No
U2921,41,Teacher,YouTube,1.6338257555939868,Networking,1,No
U2922,19,Professional,Twitter,2.3443640015049185,Learning,2,No
U2923,28,Teacher,Instagram,1.6214416906433646,Learning,10,Yes
U2924,25,Professional,YouTube,1.3334358226110967,Learning,10,Yes
U2925,33,Teacher,YouTube,4.224243875470536,Learning,10,Yes
U2926,25,Student,Instagram,1.2310259173792366,Networking,8,Yes
U2927,25,Professional,Instagram,1.694298411543504,Entertainment,3,No
U2928,38,Researcher,Reddit,1.7246810706931905,Entertainment,1,No
U2929,36,Freelancer,Instagram,5.02155266616162,Entertainment,9,Yes
U2930,21,Teacher,Twitter,1.081419288767493,Networking,6,Yes
U2931,25,Freelancer,LinkedIn,3.2099918336731577,Networking,7,No
U2932,28,Freelancer,Instagram,0.8217920916280715,Learning,9,Yes
U2933,23,Teacher,Twitter,1.5250396662087766,Entertainment,8,Yes
U2934,36,Professional,Reddit,3.6088403761197,Networking,7,No
U2935,36,Student,LinkedIn,2.1537221871704464,Learning,8,Yes
U2936,31,Freelancer,LinkedIn,1.293685740316495,Learning,8,Yes
U2937,28,Freelancer,Reddit,1.961592741229103,Networking,4,No
U2938,24,Freelancer,Instagram,4.3419084299267805,Learning,6,No
U2939,28,Teacher,LinkedIn,2.7474927924084778,Entertainment,2,No
U2940,13,Freelancer,YouTube,2.972110176170174,Entertainment,7,Yes
U2941,37,Teacher,Instagram,2.222901436281464,Learning,9,Yes
U2942,43,Teacher,Reddit,1.857031276212388,Learning,3,No
U2943,22,Professional,LinkedIn,0.36941513398269055,Networking,5,Yes
U2944,28,Professional,LinkedIn,0.97828233745657,Networking,5,Yes
U2945,35,Teacher,YouTube,0.30275246557036917,Networking,1,No
U2946,26,Freelancer,Instagram,1.9269457761479414,Learning,7,Yes
U2947,34,Researcher,Instagram,2.7027385301169824,Entertainment,9,Yes
U2948,40,Researcher,YouTube,4.242901643397366,Networking,1,No
U2949,20,Teacher,Twitter,0.5774230207869205,Learning,6,Yes
U2950,30,Researcher,YouTube,5.076694491537213,Networking,8,Yes
U2951,44,Teacher,Reddit,1.8830373870360455,Entertainment,1,No
U2952,30,Freelancer,YouTube,3.9026220209183338,Networking,5,Yes
U2953,42,Teacher,YouTube,1.2103498155092394,Networking,1,No
U2954,38,Teacher,Instagram,3.2110396115836446,Entertainment,1,No
U2955,25,Freelancer,Reddit,2.0405733604066847,Entertainment,7,No
U2956,42,Teacher,YouTube,4.500662844367204,Learning,8,Yes
U2957,42,Student,Reddit,5.097710492694019,Learning,2,No
U2958,19,Freelancer,Reddit,1.321215522492394,Networking,1,No
U2959,31,Freelancer,Twitter,0.5053338842863191,Networking,2,No
U2960,27,Professional,LinkedIn,0.3706806819494577,Networking,7,Yes
U2961,43,Researcher,Reddit,4.428351240121278,Learning,10,Yes
U2962,35,Researcher,YouTube,4.938688543902744,Networking,1,No
U2963,28,Professional,YouTube,3.197414124128562,Networking,4,No
U2964,31,Student,YouTube,1.33842407232884,Entertainment,4,No
U2965,43,Researcher,Reddit,3.2151612911371488,Networking,3,No
U2966,32,Professional,Reddit,2.8029052994538555,Networking,6,No
U2967,37,Freelancer,Instagram,4.1206107719066125,Entertainment,6,Yes
U2968,35,Freelancer,LinkedIn,1.8237456552796387,Entertainment,6,No
U2969,30,Professional,YouTube,1.2082058051062101,Learning,9,Yes
U2970,40,Teacher,YouTube,4.206499456068899,Learning,4,No
U2971,32,Teacher,LinkedIn,1.9929661511360695,Entertainment,3,No
U2972,36,Teacher,YouTube,5.189702698802555,Learning,8,Yes
U2973,30,Teacher,YouTube,2.7452363430607565,Entertainment,4,No
U2974,35,Researcher,Reddit,4.432808496586267,Networking,6,No
U2975,24,Professional,Instagram,1.2288815880751869,Learning,9,Yes
U2976,23,Student,YouTube,1.5652338568788653,Entertainment,4,No
U2977,36,Researcher,Reddit,0.6065033058471276,Networking,7,Yes
U2978,23,Freelancer,LinkedIn,1.6289070904103982,Learning,10,Yes
U2979,49,Freelancer,Instagram,2.405443933609437,Entertainment,7,Yes
U2980,29,Teacher,Twitter,0.3322018506187871,Entertainment,6,Yes
U2981,42,Student,YouTube,2.311041062097801,Learning,7,No
U2982,31,Teacher,Instagram,1.7435945403517437,Learning,8,Yes
U2983,37,Teacher,LinkedIn,4.591284809005284,Learning,7,Yes
U2984,36,Teacher,YouTube,1.9720269607817333,Learning,10,Yes
U2985,22,Student,Instagram,1.5741708696230634,Learning,7,Yes
U2986,31,Professional,Twitter,4.551084966787185,Networking,9,Yes
U2987,27,Teacher,Twitter,3.6561473135256275,Networking,6,No
U2988,29,Teacher,Twitter,1.3371665023851218,Entertainment,9,Yes
U2989,39,Researcher,YouTube,4.34820005886697,Networking,4,No
U2990,42,Researcher,Reddit,5.03753251967427,Networking,5,No
U2991,35,Professional,YouTube,4.790064086870764,Learning,5,No
U2992,30,Student,LinkedIn,5.172146534279969,Learning,2,No
U2993,42,Student,YouTube,1.706065724772099,Learning,5,No
U2994,32,Teacher,YouTube,4.981930175816711,Learning,8,Yes
U2995,26,Student,YouTube,1.5734465991515447,Entertainment,3,No
U2996,28,Freelancer,LinkedIn,2.7245090982308753,Networking,4,No
U2997,43,Teacher,Twitter,1.5840076702662642,Learning,5,Yes
U2998,40,Freelancer,Instagram,3.572605767305742,Networking,6,No
U2999,25,Student,Twitter,5.050415795502106,Entertainment,4,No
U3000,48,Freelancer,Instagram,2.66076309932897,Networking,3,No
